6.198000000000000000e+03
6.497000000000000000e+03
6.345000000000000000e+03
5.033000000000000000e+03
5.400000000000000000e+03
1.894000000000000000e+03
2.680000000000000000e+03
3.096000000000000000e+03
3.382000000000000000e+03
3.370000000000000000e+03
3.046000000000000000e+03
2.768000000000000000e+03
3.315000000000000000e+03
3.128000000000000000e+03
3.729000000000000000e+03
3.220000000000000000e+03
3.471000000000000000e+03
2.863000000000000000e+03
3.342000000000000000e+03
3.217000000000000000e+03
2.360000000000000000e+03
2.643000000000000000e+03
3.201000000000000000e+03
3.157000000000000000e+03
3.020000000000000000e+03
3.365000000000000000e+03
2.659000000000000000e+03
2.778000000000000000e+03
3.012000000000000000e+03
2.810000000000000000e+03
2.671000000000000000e+03
2.546000000000000000e+03
2.597000000000000000e+03
2.688000000000000000e+03
2.547000000000000000e+03
2.602000000000000000e+03
2.401000000000000000e+03
2.640000000000000000e+03
2.297000000000000000e+03
2.244000000000000000e+03
2.343000000000000000e+03
2.141000000000000000e+03
2.139000000000000000e+03
2.079000000000000000e+03
1.947000000000000000e+03
1.645000000000000000e+03
1.770000000000000000e+03
1.777000000000000000e+03
2.020000000000000000e+03
1.693000000000000000e+03
1.199000000000000000e+03
1.241000000000000000e+03
1.056000000000000000e+03
9.130000000000000000e+02
1.351000000000000000e+03
8.790000000000000000e+02
1.184000000000000000e+03
1.065000000000000000e+03
6.520000000000000000e+02
1.121000000000000000e+03
8.990000000000000000e+02
9.320000000000000000e+02
1.165000000000000000e+03
8.110000000000000000e+02
6.930000000000000000e+02
6.550000000000000000e+02
6.800000000000000000e+02
8.650000000000000000e+02
6.620000000000000000e+02
6.340000000000000000e+02
5.650000000000000000e+02
7.020000000000000000e+02
5.330000000000000000e+02
3.360000000000000000e+02
3.090000000000000000e+02
3.930000000000000000e+02
3.310000000000000000e+02
2.060000000000000000e+02
1.280000000000000000e+02
3.300000000000000000e+01
0.000000000000000000e+00
1.700000000000000000e+01
8.000000000000000000e+00
1.100000000000000000e+01
5.000000000000000000e+00
2.200000000000000000e+01
7.000000000000000000e+00
2.000000000000000000e+00
1.000000000000000000e+01
3.400000000000000000e+01
5.000000000000000000e+00
1.200000000000000000e+01
8.000000000000000000e+00
3.000000000000000000e+00
1.000000000000000000e+01
6.000000000000000000e+00
1.500000000000000000e+01
1.200000000000000000e+01
1.200000000000000000e+01
8.000000000000000000e+00
9.000000000000000000e+00
4.000000000000000000e+00
7.000000000000000000e+00
1.400000000000000000e+01
1.700000000000000000e+01
1.000000000000000000e+01
6.000000000000000000e+00
1.000000000000000000e+01
1.600000000000000000e+01
1.200000000000000000e+01
1.200000000000000000e+01
2.100000000000000000e+01
1.300000000000000000e+01
9.000000000000000000e+00
9.000000000000000000e+00
3.000000000000000000e+00
8.000000000000000000e+00
1.300000000000000000e+01
4.000000000000000000e+00
1.500000000000000000e+01
0.000000000000000000e+00
3.000000000000000000e+00
3.000000000000000000e+00
9.000000000000000000e+00
2.000000000000000000e+00
0.000000000000000000e+00
3.000000000000000000e+00
6.000000000000000000e+00
1.300000000000000000e+01
8.000000000000000000e+00
1.100000000000000000e+01
9.000000000000000000e+00
8.000000000000000000e+00
6.000000000000000000e+00
3.000000000000000000e+00
5.000000000000000000e+00
2.000000000000000000e+00
4.000000000000000000e+00
1.200000000000000000e+01
0.000000000000000000e+00
2.000000000000000000e+00
1.000000000000000000e+01
1.000000000000000000e+00
9.000000000000000000e+00
0.000000000000000000e+00
2.000000000000000000e+00
1.000000000000000000e+00
1.300000000000000000e+01
1.200000000000000000e+01
1.000000000000000000e+00
