nan
nan
nan
nan
2.539333887398242950e-02
2.271694689989089966e-02
2.425568550825119019e-02
2.920992486178874969e-02
2.449688129127025604e-02
3.757709264755249023e-02
3.272122517228126526e-02
3.631755337119102478e-02
3.416211530566215515e-02
4.137878492474555969e-02
3.890715911984443665e-02
4.222219809889793396e-02
4.946684837341308594e-02
4.748788103461265564e-02
3.932164981961250305e-02
5.311001464724540710e-02
4.580559581518173218e-02
4.875922203063964844e-02
5.812615901231765747e-02
5.729144066572189331e-02
5.973736569285392761e-02
5.094717442989349365e-02
5.660490319132804871e-02
5.448558926582336426e-02
4.571940749883651733e-02
6.015183776617050171e-02
5.055865272879600525e-02
5.335577204823493958e-02
5.253181234002113342e-02
5.470857769250869751e-02
5.819743126630783081e-02
5.366649106144905090e-02
5.691010504961013794e-02
5.780154839158058167e-02
6.312206387519836426e-02
5.422957986593246460e-02
5.502353236079216003e-02
6.200330704450607300e-02
5.365796387195587158e-02
5.982407927513122559e-02
5.754438042640686035e-02
4.977396875619888306e-02
5.654959380626678467e-02
5.857205390930175781e-02
5.641548335552215576e-02
6.200321763753890991e-02
6.673411279916763306e-02
5.422164499759674072e-02
6.199035793542861938e-02
5.835348740220069885e-02
6.029900535941123962e-02
5.687783285975456238e-02
5.603489652276039124e-02
6.093198806047439575e-02
6.827484816312789917e-02
5.500038713216781616e-02
5.303153768181800842e-02
5.867646262049674988e-02
5.919462069869041443e-02
5.665518343448638916e-02
5.993860214948654175e-02
6.333542615175247192e-02
5.676957964897155762e-02
5.582122504711151123e-02
4.522856324911117554e-02
6.274943798780441284e-02
5.256038159132003784e-02
6.213301420211791992e-02
5.131721124053001404e-02
6.283938139677047729e-02
5.494548007845878601e-02
5.268659815192222595e-02
6.163072586059570312e-02
5.558750405907630920e-02
5.593709647655487061e-02
6.002993136644363403e-02
6.055762991309165955e-02
6.013573333621025085e-02
6.372164934873580933e-02
5.155752226710319519e-02
6.166143715381622314e-02
7.163412868976593018e-02
7.060623914003372192e-02
6.018675491213798523e-02
6.542329490184783936e-02
6.218985095620155334e-02
6.790878623723983765e-02
6.537272781133651733e-02
6.221446394920349121e-02
6.973025202751159668e-02
6.873293966054916382e-02
6.754301488399505615e-02
7.143539935350418091e-02
7.011985778808593750e-02
7.434084266424179077e-02
6.243615597486495972e-02
7.897294312715530396e-02
6.390956044197082520e-02
6.933641433715820312e-02
7.447078078985214233e-02
6.749774515628814697e-02
7.725200057029724121e-02
7.049196958541870117e-02
7.354585081338882446e-02
7.598068565130233765e-02
6.823606789112091064e-02
7.319319993257522583e-02
7.185967266559600830e-02
7.035974413156509399e-02
7.048575580120086670e-02
7.281047850847244263e-02
7.010001689195632935e-02
7.798165082931518555e-02
7.025936245918273926e-02
6.892521679401397705e-02
7.551652938127517700e-02
7.784315943717956543e-02
7.401792705059051514e-02
7.324996590614318848e-02
8.490471541881561279e-02
7.242383062839508057e-02
7.680553197860717773e-02
7.003093510866165161e-02
7.381246984004974365e-02
7.764236629009246826e-02
7.416406273841857910e-02
7.084654271602630615e-02
6.671379506587982178e-02
8.245726674795150757e-02
7.275258749723434448e-02
7.890606671571731567e-02
6.397365033626556396e-02
6.679452210664749146e-02
7.582325488328933716e-02
7.295628637075424194e-02
7.397577911615371704e-02
7.686634361743927002e-02
7.719989866018295288e-02
6.762421131134033203e-02
7.947185635566711426e-02
7.765356451272964478e-02
7.216026633977890015e-02
7.903999835252761841e-02
7.936830073595046997e-02
8.501198887825012207e-02
7.648248225450515747e-02
