2.514056222038901112e+00
2.488333701117202867e+00
2.466248826481841405e+00
2.884235491647604732e+00
2.846289830613680127e+00
3.212183185970657551e+00
2.430930699956663332e+00
2.096122642304473871e+00
1.925533279854964253e+00
1.795745694831592854e+00
2.101967438406563193e+00
2.062278519975189628e+00
1.803978637031712129e+00
1.982255552799232268e+00
1.679162828033017973e+00
1.799153924404970128e+00
1.698051357684569052e+00
1.907256861028393535e+00
1.658153040239075615e+00
1.741386654672840040e+00
2.081532341169255229e+00
2.003551262242805553e+00
1.666234963994035034e+00
1.651638851175299738e+00
1.735612823594357979e+00
1.573316131743276225e+00
1.796992222815832152e+00
1.727761982868720736e+00
1.620858337353834555e+00
1.745272343962925632e+00
1.669673757852766727e+00
1.743423271309042732e+00
1.732063162780229870e+00
1.720534495628541327e+00
1.660679025071946757e+00
1.632730486503401579e+00
1.699922011090345686e+00
1.542175985500743973e+00
1.647073729906867401e+00
1.697421802245206335e+00
1.630492286538708591e+00
1.743644473186139354e+00
1.669182917963671686e+00
1.609326034415140327e+00
1.642532661997483823e+00
2.060190958038749187e+00
1.696179431960443740e+00
1.644519031110828866e+00
1.656164092830105128e+00
1.691028281956612922e+00
2.083765795824001010e+00
2.040225655956652506e+00
2.096768332911999710e+00
2.454198330930682737e+00
1.737311399484321894e+00
2.394222061758968678e+00
1.762739851183235285e+00
2.227942846596555171e+00
3.477502415601149810e+00
2.046641870019947351e+00
2.023121175565572472e+00
1.731463675336446517e+00
1.509317349665388885e+00
1.752408450150117369e+00
2.265481697519727167e+00
2.008188106913358251e+00
2.077666181815966517e+00
1.665645679311260396e+00
1.718733822582851012e+00
1.812652921051844279e+00
1.755431572730278500e+00
1.339220360376458974e+00
1.700807938065675540e+00
1.878072465021419113e+00
1.730375920381364452e+00
1.282654522424986343e+00
1.152218455527814100e+00
1.094731994051169055e+00
1.408442904963492559e+00
9.284343814163014130e-01
8.032873798451900527e-01
8.620043627978108969e-01
9.000304257802690389e-01
5.731660965552153320e-01
6.783050947727774505e-01
6.146591607157133597e-01
7.011685697518403870e-01
8.152453739080977035e-01
7.557108314989940956e-01
7.815150898112610545e-01
1.225879546064146508e+00
4.269099918788133996e-01
6.910717546307850734e-01
1.019139581751624668e+00
1.415288868262395416e+00
1.766509997150506051e+00
1.200526225115359225e+00
7.147565259198183085e-01
7.216595784944942471e-01
8.812382309371543654e-01
9.107150553582301633e-01
1.041855935636358366e+00
1.112538083575941528e+00
1.294656639767318929e+00
1.023061599468779947e+00
1.536167943188100793e+00
1.481836153864245054e+00
7.978366897898395704e-01
7.130686607550430489e-01
9.701342438503276489e-01
8.443631635367147004e-01
7.203335854996802956e-01
9.763149449450370110e-01
1.602096475410895282e+00
1.233237827534396702e+00
8.456671231904385744e-01
1.435422493740770467e+00
1.042874777539992026e+00
1.743684076150809004e+00
2.552868640171401804e+00
2.125501675994664108e+00
2.436487354400153738e+00
2.041336787503523986e+00
1.876530855589171765e+00
2.617535919556712720e+00
2.048064616874939681e+00
1.386323341815322463e+00
2.557214226088045717e+00
1.648571525651821856e+00
2.359749078229703478e+00
2.189796688306109296e+00
1.701967796111183651e+00
1.454136796023471900e+00
1.519115196451683136e+00
1.859209027404478576e+00
2.044019558240263823e+00
1.583031702945278285e+00
1.881953281863264493e+00
8.782183107595584737e-01
1.368443152175407018e+00
2.190365328902383002e+00
1.350917116505105264e+00
2.398457330004579280e+00
1.305517425074637083e+00
1.983301995014868480e+00
1.677403797205946345e+00
2.007635908206024222e+00
2.127127282830631572e+00
1.880810687217568056e+00
2.473232652998662573e+00
