1.520000000000000000e+02
1.040000000000000000e+02
1.940000000000000000e+02
5.200000000000000000e+01
1.880000000000000000e+02
3.200000000000000000e+02
1.000000000000000000e+02
3.380000000000000000e+02
4.460000000000000000e+02
4.020000000000000000e+02
3.160000000000000000e+02
3.980000000000000000e+02
3.280000000000000000e+02
2.520000000000000000e+02
2.100000000000000000e+02
4.500000000000000000e+02
3.180000000000000000e+02
3.100000000000000000e+02
3.240000000000000000e+02
3.040000000000000000e+02
3.360000000000000000e+02
2.720000000000000000e+02
3.200000000000000000e+02
2.460000000000000000e+02
2.240000000000000000e+02
5.880000000000000000e+02
2.300000000000000000e+02
2.040000000000000000e+02
2.040000000000000000e+02
2.720000000000000000e+02
1.880000000000000000e+02
1.800000000000000000e+02
2.220000000000000000e+02
2.100000000000000000e+02
2.020000000000000000e+02
2.700000000000000000e+02
1.320000000000000000e+02
2.880000000000000000e+02
1.540000000000000000e+02
1.960000000000000000e+02
3.300000000000000000e+02
1.040000000000000000e+02
1.580000000000000000e+02
1.540000000000000000e+02
1.160000000000000000e+02
1.380000000000000000e+02
2.100000000000000000e+02
2.620000000000000000e+02
2.740000000000000000e+02
1.300000000000000000e+02
2.220000000000000000e+02
1.480000000000000000e+02
1.320000000000000000e+02
1.800000000000000000e+02
1.600000000000000000e+02
7.400000000000000000e+01
7.600000000000000000e+01
6.600000000000000000e+01
1.080000000000000000e+02
1.260000000000000000e+02
2.260000000000000000e+02
5.400000000000000000e+01
1.520000000000000000e+02
1.120000000000000000e+02
1.180000000000000000e+02
8.800000000000000000e+01
5.200000000000000000e+01
5.800000000000000000e+01
1.140000000000000000e+02
7.000000000000000000e+01
1.300000000000000000e+02
8.400000000000000000e+01
7.400000000000000000e+01
3.000000000000000000e+01
6.800000000000000000e+01
5.600000000000000000e+01
4.400000000000000000e+01
9.200000000000000000e+01
3.400000000000000000e+01
1.200000000000000000e+01
4.000000000000000000e+00
3.400000000000000000e+01
1.600000000000000000e+01
4.000000000000000000e+00
2.000000000000000000e+01
1.400000000000000000e+01
2.000000000000000000e+01
4.000000000000000000e+00
3.000000000000000000e+01
4.200000000000000000e+01
6.000000000000000000e+00
1.000000000000000000e+01
2.200000000000000000e+01
2.000000000000000000e+01
1.060000000000000000e+02
6.000000000000000000e+00
3.400000000000000000e+01
2.400000000000000000e+01
2.600000000000000000e+01
1.520000000000000000e+02
6.200000000000000000e+01
2.400000000000000000e+01
5.400000000000000000e+01
3.400000000000000000e+01
2.600000000000000000e+01
6.400000000000000000e+01
1.420000000000000000e+02
7.400000000000000000e+01
2.000000000000000000e+01
5.600000000000000000e+01
2.800000000000000000e+01
1.140000000000000000e+02
1.200000000000000000e+02
1.980000000000000000e+02
4.000000000000000000e+01
1.600000000000000000e+01
2.200000000000000000e+01
3.000000000000000000e+01
2.800000000000000000e+01
2.200000000000000000e+01
8.000000000000000000e+01
3.200000000000000000e+01
2.200000000000000000e+01
1.400000000000000000e+01
3.200000000000000000e+01
6.000000000000000000e+00
3.400000000000000000e+01
1.000000000000000000e+01
4.000000000000000000e+01
3.800000000000000000e+01
1.600000000000000000e+01
1.600000000000000000e+01
1.200000000000000000e+01
8.000000000000000000e+00
2.000000000000000000e+01
2.400000000000000000e+01
2.000000000000000000e+00
1.200000000000000000e+01
3.400000000000000000e+01
4.000000000000000000e+00
2.000000000000000000e+01
2.000000000000000000e+01
4.000000000000000000e+00
1.140000000000000000e+02
1.500000000000000000e+02
4.400000000000000000e+01
3.200000000000000000e+01
4.000000000000000000e+01
1.400000000000000000e+01
4.000000000000000000e+00
