2.869647995052180249e+03
2.885270748224252657e+03
2.939329481713506993e+03
2.715997027871619593e+03
2.850845452245265733e+03
2.768876860737641437e+03
2.569667539299209238e+03
2.383903664426544310e+03
2.307204851357827010e+03
2.456001820643354677e+03
2.275767427231042802e+03
2.260729825038659783e+03
2.363971850442271716e+03
2.260341692128972682e+03
2.499104481504048636e+03
2.385118511869150552e+03
2.561612091385788062e+03
2.423654798948402913e+03
2.368092030623759456e+03
2.714318078381902524e+03
2.221890827059196454e+03
2.419514566456101420e+03
2.489053118262488169e+03
2.636623576192462224e+03
2.551968754645124136e+03
2.611265201350751795e+03
2.438279813320749327e+03
2.566641821442899072e+03
2.717183332190726105e+03
2.570952364601194859e+03
2.680868000926257992e+03
2.647573311478869982e+03
2.658657140561657343e+03
2.721774410594339315e+03
2.718781477428678954e+03
2.754304762905811003e+03
2.696902927656722568e+03
2.890140193747453850e+03
2.689280235576486120e+03
2.590311130756383591e+03
2.845897004844905496e+03
2.498423466000245753e+03
2.664106830636464565e+03
2.844853890298890747e+03
2.678350544067578539e+03
2.268867712660195593e+03
2.551526579441993363e+03
2.828576381474977552e+03
2.857976124096884632e+03
2.332929896735153307e+03
2.049825892507378285e+03
2.113352267428592768e+03
2.294073922036729073e+03
1.929348392980669814e+03
2.522919480519867648e+03
2.043576474140502341e+03
2.350835744613119914e+03
2.093092841061831223e+03
1.935006622179814030e+03
2.287394873105375154e+03
2.105399499079088400e+03
2.380165628444671256e+03
2.458209878078539077e+03
2.171490166816371584e+03
1.971980068991548706e+03
2.242362303817455086e+03
2.065725895114073410e+03
2.436708125302792723e+03
2.023017536079267984e+03
2.272025137830049516e+03
2.279390512194151597e+03
2.669880105581358293e+03
2.297380079223831217e+03
2.035047174673150266e+03
2.075050224876526499e+03
2.745563135918333501e+03
2.951486509664253845e+03
2.966369614904936952e+03
2.747386393719556963e+03
3.245007733031566659e+03
3.005641083372046069e+03
3.556346433120618713e+03
3.545330148868511515e+03
2.831153872091592802e+03
3.070411027199699674e+03
2.890296286699407119e+03
2.636454936716545035e+03
3.450446309446037048e+03
2.290504677257474668e+03
3.799640313102346681e+03
3.551256755545886790e+03
2.200353514404469479e+03
3.506101483297061350e+03
3.986065775217309238e+03
2.881050955078086645e+03
2.687293063688347047e+03
3.127895943416404407e+03
2.798114079271338142e+03
3.016826199445786642e+03
3.143860100514148144e+03
2.701432914485709716e+03
3.062386598437708017e+03
2.742395723245293084e+03
3.167622216623789882e+03
3.781528076503771445e+03
3.097704640499880497e+03
2.873660381987867368e+03
2.914003746363686787e+03
3.128556898988347257e+03
3.262539101269887851e+03
3.592202294514977893e+03
2.707332978167104557e+03
3.449420166262928433e+03
2.902400945075276923e+03
3.043994426702200144e+03
3.095707174290848798e+03
3.195670203115845197e+03
2.800081894099702822e+03
2.718703529411752243e+03
2.143995390287837836e+03
2.292141981448404749e+03
2.265795166168155902e+03
2.244528061299140518e+03
2.574609878197753915e+03
2.064591206114779197e+03
2.363035542158675980e+03
3.033744166858963581e+03
2.149647395970220259e+03
2.499563440992888900e+03
2.084201244930049597e+03
2.591029688236846141e+03
2.904284567224422972e+03
2.925482084214843326e+03
3.043812615517592803e+03
2.436429763749631547e+03
2.355928850400761348e+03
2.570801186186861287e+03
2.321462629977175311e+03
3.062316366146175369e+03
2.623746629267225217e+03
2.177822270657542504e+03
2.544659933181430006e+03
2.155600666126042597e+03
3.123923943829698601e+03
2.277417836471855480e+03
2.636422310159435710e+03
2.322448624319648388e+03
2.134879810024009203e+03
2.717248184495845180e+03
2.180488793908295975e+03
