2.104000000000000000e+03
2.328000000000000000e+03
2.009000000000000000e+03
1.980000000000000000e+03
1.764000000000000000e+03
2.017000000000000000e+03
2.265000000000000000e+03
2.383000000000000000e+03
2.369000000000000000e+03
2.678000000000000000e+03
2.648000000000000000e+03
2.306000000000000000e+03
2.773000000000000000e+03
2.323000000000000000e+03
2.741000000000000000e+03
2.469000000000000000e+03
2.756000000000000000e+03
2.569000000000000000e+03
2.690000000000000000e+03
2.673000000000000000e+03
2.241000000000000000e+03
2.404000000000000000e+03
2.910000000000000000e+03
2.851000000000000000e+03
2.675000000000000000e+03
2.732000000000000000e+03
2.637000000000000000e+03
2.736000000000000000e+03
2.808000000000000000e+03
2.695000000000000000e+03
2.615000000000000000e+03
2.718000000000000000e+03
2.681000000000000000e+03
2.726000000000000000e+03
2.712000000000000000e+03
2.851000000000000000e+03
2.616000000000000000e+03
2.860000000000000000e+03
2.792000000000000000e+03
2.647000000000000000e+03
2.707000000000000000e+03
2.567000000000000000e+03
2.775000000000000000e+03
2.797000000000000000e+03
2.813000000000000000e+03
2.432000000000000000e+03
2.801000000000000000e+03
2.759000000000000000e+03
2.843000000000000000e+03
2.767000000000000000e+03
2.296000000000000000e+03
2.205000000000000000e+03
2.723000000000000000e+03
2.083000000000000000e+03
2.848000000000000000e+03
2.209000000000000000e+03
2.556000000000000000e+03
2.220000000000000000e+03
1.686000000000000000e+03
2.544000000000000000e+03
2.456000000000000000e+03
2.796000000000000000e+03
2.937000000000000000e+03
2.628000000000000000e+03
2.225000000000000000e+03
2.404000000000000000e+03
2.767000000000000000e+03
2.646000000000000000e+03
2.854000000000000000e+03
2.503000000000000000e+03
2.840000000000000000e+03
3.279000000000000000e+03
2.723000000000000000e+03
2.391000000000000000e+03
3.174000000000000000e+03
3.768000000000000000e+03
3.785000000000000000e+03
4.000000000000000000e+03
3.684000000000000000e+03
4.000000000000000000e+03
4.000000000000000000e+03
4.000000000000000000e+03
4.000000000000000000e+03
4.000000000000000000e+03
4.000000000000000000e+03
4.000000000000000000e+03
4.000000000000000000e+03
4.000000000000000000e+03
4.000000000000000000e+03
4.000000000000000000e+03
3.357000000000000000e+03
4.000000000000000000e+03
4.000000000000000000e+03
3.572000000000000000e+03
3.280000000000000000e+03
2.847000000000000000e+03
3.562000000000000000e+03
4.000000000000000000e+03
4.000000000000000000e+03
4.000000000000000000e+03
4.000000000000000000e+03
4.000000000000000000e+03
4.000000000000000000e+03
3.416000000000000000e+03
3.993000000000000000e+03
3.142000000000000000e+03
3.224000000000000000e+03
4.000000000000000000e+03
4.000000000000000000e+03
4.000000000000000000e+03
4.000000000000000000e+03
4.000000000000000000e+03
4.000000000000000000e+03
3.092000000000000000e+03
3.451000000000000000e+03
4.000000000000000000e+03
3.097000000000000000e+03
4.000000000000000000e+03
2.679000000000000000e+03
1.796000000000000000e+03
2.315000000000000000e+03
2.252000000000000000e+03
2.242000000000000000e+03
2.380000000000000000e+03
2.171000000000000000e+03
2.486000000000000000e+03
3.707000000000000000e+03
2.050000000000000000e+03
2.868000000000000000e+03
1.995000000000000000e+03
2.471000000000000000e+03
2.667000000000000000e+03
3.293000000000000000e+03
2.970000000000000000e+03
2.367000000000000000e+03
2.569000000000000000e+03
2.928000000000000000e+03
2.519000000000000000e+03
4.000000000000000000e+03
3.483000000000000000e+03
2.187000000000000000e+03
3.491000000000000000e+03
2.227000000000000000e+03
3.613000000000000000e+03
2.256000000000000000e+03
2.627000000000000000e+03
2.149000000000000000e+03
2.045000000000000000e+03
2.247000000000000000e+03
2.031000000000000000e+03
