nan
nan
nan
nan
2.412907346089680871e+01
2.089933492920615521e+01
2.133977504258745128e+01
2.155393215179443445e+01
2.117646026611328125e+01
2.175352310180663906e+01
2.268914398193359361e+01
2.344896295547485465e+01
2.363060456275939814e+01
2.285024893760681053e+01
2.274624782562255731e+01
2.262191024780273452e+01
2.295227060317993306e+01
2.351745939254760742e+01
2.250051013946533374e+01
2.220178003311157156e+01
2.270912308692932058e+01
2.242722414970397793e+01
2.339173704147338739e+01
2.375719453811645465e+01
2.280596366882324233e+01
2.195488612174987963e+01
2.259013438224792480e+01
2.284694099426269531e+01
2.279257119178771873e+01
2.225360619544983010e+01
2.173648830413818445e+01
2.157070970535278320e+01
2.114940490722656108e+01
2.073770213127136230e+01
1.982268676757812642e+01
1.992149784088134723e+01
1.968958250045776381e+01
2.127355813980102539e+01
2.125747186660766630e+01
1.989225873947143697e+01
2.046640889167785815e+01
2.079743430137634164e+01
2.050950988769531236e+01
1.961286950588226219e+01
1.941202570438385067e+01
1.968259287834167637e+01
1.934813190460205234e+01
1.906079609870910474e+01
1.911354992866516156e+01
1.888540222644805766e+01
1.964924016475677604e+01
2.044986345291137653e+01
1.982046568870544334e+01
1.898944522857665973e+01
1.889444218635559025e+01
1.923778491020202708e+01
1.932910751342773281e+01
1.856386466026306081e+01
1.839353705406189121e+01
1.863283894538879437e+01
1.817115589141845788e+01
1.782513003349304270e+01
1.755232923984527460e+01
1.798677317142486487e+01
1.801221377372741728e+01
1.812462014675140409e+01
1.801908867359161448e+01
1.790990649223327580e+01
1.705935281753540167e+01
1.711150099754333453e+01
1.706926559448242031e+01
1.723057512283325110e+01
1.678989322662353345e+01
1.642603147983551182e+01
1.612501224040985193e+01
1.676334225654602150e+01
1.610131051540374614e+01
1.652810535907745404e+01
1.579044259071350176e+01
1.673928431987762622e+01
1.602641844749450684e+01
1.622418416500091709e+01
1.667845731258392306e+01
1.733995336532592901e+01
1.699145950317382869e+01
1.683443814754486212e+01
1.622003715991973749e+01
1.696614971637725944e+01
1.632959584236144934e+01
1.665626150131225458e+01
1.683712200641632251e+01
1.715854170322418071e+01
1.690615549087524272e+01
1.622782665252685419e+01
1.700620858192444018e+01
1.753768707275390781e+01
1.719616317749023438e+01
1.614685081481933437e+01
1.672791310310363855e+01
1.674669659614562889e+01
1.716911694526672250e+01
1.656380105972290195e+01
1.586370564460754373e+01
1.663270874977111902e+01
1.713298265457153491e+01
1.645335149765014648e+01
1.644973430633545064e+01
1.641994062423706069e+01
1.669331044197082647e+01
1.703164883613586511e+01
1.687919147014617849e+01
1.587807160377502491e+01
1.560620442390441909e+01
1.528093999862670849e+01
1.683063384056091394e+01
1.724958818435668917e+01
1.712466444015502987e+01
1.643438476562500128e+01
1.645566977500915584e+01
1.677739513397216697e+01
1.720391166687011619e+01
1.703909858703613267e+01
1.643891474723815804e+01
1.592195248603820801e+01
1.628188436508178683e+01
1.684536994934082088e+01
1.644964266777038731e+01
1.621139575004577793e+01
1.694220764160156278e+01
1.686771652221679574e+01
1.590664274215698271e+01
1.566897182464599680e+01
1.622998383998870864e+01
1.614152113437652503e+01
1.583470127105712955e+01
1.594614106655120800e+01
1.603606324672698946e+01
1.600383441925048800e+01
1.553228107452392592e+01
1.562096277713775550e+01
1.513546635150909481e+01
1.514941116333007898e+01
1.544364040851593067e+01
1.541810844898223820e+01
1.572596171379089292e+01
1.671010456085205220e+01
1.578980004310607832e+01
1.529372604370117195e+01
1.522884418487548785e+01
1.524069019317627038e+01
