-1.492259031131861957e+04
-1.419633197180548814e+04
-1.593759355443392087e+04
-7.901260605069555822e+03
-1.680174329747083902e+04
-1.667523697503657604e+04
-7.902427655135213172e+03
-1.976876696993569203e+04
-2.499144245632703678e+04
-2.410267371306263885e+04
-1.892226498481274393e+04
-2.226718403020970072e+04
-1.951014243400091800e+04
-1.532319968664827684e+04
-1.436529606499206420e+04
-2.560061984803240921e+04
-1.967777205392235555e+04
-1.893079319501873397e+04
-2.003911193471375009e+04
-1.881279079190235279e+04
-1.948642694855007358e+04
-1.694583602443638301e+04
-1.977325056087682242e+04
-1.630761981467756050e+04
-1.506968854872471456e+04
-3.318810193862979213e+04
-1.505675795405249482e+04
-1.387415899722472568e+04
-1.429711526926333318e+04
-1.723063600690354360e+04
-1.337655235489056940e+04
-1.281694442548198458e+04
-1.491964491626060590e+04
-1.401997440197630203e+04
-1.367483354234692160e+04
-1.737977897763894725e+04
-1.020219472208609477e+04
-1.842686132095818175e+04
-1.133089131696442564e+04
-1.323812561926325907e+04
-2.038216187577464734e+04
-8.624159587688864121e+03
-1.140009526658834511e+04
-1.133710971711123966e+04
-9.205043020670342230e+03
-9.816487812430477788e+03
-1.428397680284501803e+04
-1.679927572102094928e+04
-1.882022412724663445e+04
-9.754363518824909988e+03
-1.329156652393421791e+04
-9.892316487371452240e+03
-9.375324004521820825e+03
-1.132399236949757687e+04
-1.117135343079117956e+04
-5.770198994982169097e+03
-6.691925058417704349e+03
-5.623534382541491141e+03
-6.966724482085388445e+03
-9.026022093971439972e+03
-1.453730907145301717e+04
-5.745747387027267905e+03
-1.091372774762985682e+04
-1.055447139635218628e+04
-8.303076886124656085e+03
-9.782081975644277918e+03
-5.103961886209387558e+03
-5.711973367257885911e+03
-8.561180898933851495e+03
-6.323715414063003664e+03
-1.032347745388630210e+04
-8.130977525698745922e+03
-7.490085703898352222e+03
-3.714419944776975626e+03
-1.246709976545308564e+04
-1.264372932846098047e+04
-1.004730033570704654e+04
-3.095785995533816094e+04
-1.800355234972788094e+04
-2.216830097599329383e+04
-2.267985435083135235e+04
-2.387658777112866665e+04
-2.453568556809095753e+04
-3.346366121809122706e+04
-2.361999642058850441e+04
-2.914001080390878269e+04
-3.017373133238983428e+04
-2.345383611307531828e+04
-2.239926687436797874e+04
-2.386943383617199288e+04
-1.415950220778817857e+04
-3.091562845108523834e+04
-2.805111215809460555e+04
-1.627775921432032555e+04
-1.262330661629885799e+04
-2.756499326757380004e+03
-2.209017534225579220e+04
-3.149799500650105983e+04
-2.934567928381909587e+04
-2.786942164808522648e+04
-2.090644546259667914e+04
-1.568566649222950400e+04
-1.125142524301040794e+04
-9.479390216658366626e+03
-1.931161290285046925e+04
-8.599295742661754048e+03
-1.902521708473226681e+04
-2.911283387317837332e+04
-2.288405461994499638e+04
-2.167518917635022081e+04
-2.171083936909193289e+04
-3.213254177105868803e+04
-2.693664017815256011e+04
-2.681388293696055553e+04
-1.397882808313833266e+04
-1.836225349428162008e+04
-9.154322292558144909e+03
-9.129168166248859052e+03
-7.215767175110087919e+03
-1.847886346352459896e+03
-1.041959759763853071e+04
-1.030285730500877980e+04
-3.915965438288272253e+03
-4.697623805224932767e+03
-2.625361151448226337e+03
-8.908899500315686964e+03
-2.813179910338966874e+04
-1.236574984251628166e+03
-5.021628561487007573e+03
-2.329937832517246079e+03
-5.334442995825800608e+03
-1.689501626366333949e+04
-6.585919663513156593e+03
-3.008557338484273714e+03
-2.203447202671087780e+03
-8.298015992167600416e+03
-5.034791419056408813e+03
-1.547293830952866756e+03
-2.881965097783853707e+04
-4.337118785096462489e+03
-1.408667202576719092e+03
-7.449575407667657601e+03
-6.595849922937024985e+02
-2.375580119610950715e+04
-1.128889663663713691e+04
-3.579623370019030517e+03
-1.899983203373817105e+03
-2.203252206297592693e+03
-1.645801939079333579e+03
-7.927141808323268606e+02
