6.221000000000000000e+03
5.692000000000000000e+03
5.872000000000000000e+03
6.998000000000000000e+03
5.224000000000000000e+03
2.598000000000000000e+03
4.487000000000000000e+03
4.422000000000000000e+03
3.479000000000000000e+03
3.223000000000000000e+03
3.637000000000000000e+03
3.244000000000000000e+03
3.762000000000000000e+03
2.945000000000000000e+03
3.225000000000000000e+03
3.370000000000000000e+03
3.414000000000000000e+03
2.447000000000000000e+03
2.741000000000000000e+03
2.465000000000000000e+03
3.696000000000000000e+03
3.132000000000000000e+03
1.989000000000000000e+03
2.161000000000000000e+03
2.243000000000000000e+03
2.755000000000000000e+03
3.179000000000000000e+03
2.085000000000000000e+03
1.722000000000000000e+03
2.434000000000000000e+03
3.140000000000000000e+03
2.174000000000000000e+03
2.508000000000000000e+03
1.967000000000000000e+03
2.462000000000000000e+03
2.561000000000000000e+03
2.216000000000000000e+03
2.423000000000000000e+03
2.431000000000000000e+03
1.693000000000000000e+03
2.559000000000000000e+03
2.383000000000000000e+03
2.407000000000000000e+03
1.965000000000000000e+03
1.814000000000000000e+03
1.359000000000000000e+03
1.436000000000000000e+03
1.988000000000000000e+03
1.927000000000000000e+03
1.666000000000000000e+03
1.458000000000000000e+03
1.474000000000000000e+03
1.626000000000000000e+03
1.699000000000000000e+03
1.872000000000000000e+03
1.616000000000000000e+03
1.225000000000000000e+03
9.240000000000000000e+02
6.310000000000000000e+02
9.190000000000000000e+02
1.191000000000000000e+03
9.880000000000000000e+02
1.092000000000000000e+03
9.790000000000000000e+02
1.347000000000000000e+03
1.150000000000000000e+03
1.133000000000000000e+03
1.010000000000000000e+03
9.760000000000000000e+02
7.250000000000000000e+02
6.300000000000000000e+02
6.840000000000000000e+02
6.760000000000000000e+02
5.580000000000000000e+02
5.570000000000000000e+02
5.780000000000000000e+02
4.280000000000000000e+02
4.920000000000000000e+02
4.160000000000000000e+02
5.290000000000000000e+02
4.710000000000000000e+02
5.960000000000000000e+02
4.360000000000000000e+02
4.850000000000000000e+02
4.230000000000000000e+02
4.800000000000000000e+02
5.610000000000000000e+02
4.500000000000000000e+02
4.910000000000000000e+02
4.850000000000000000e+02
4.180000000000000000e+02
5.060000000000000000e+02
4.840000000000000000e+02
2.920000000000000000e+02
3.750000000000000000e+02
4.730000000000000000e+02
3.420000000000000000e+02
5.070000000000000000e+02
4.030000000000000000e+02
4.000000000000000000e+02
4.050000000000000000e+02
4.970000000000000000e+02
4.660000000000000000e+02
6.080000000000000000e+02
5.010000000000000000e+02
4.940000000000000000e+02
5.430000000000000000e+02
4.180000000000000000e+02
4.380000000000000000e+02
4.500000000000000000e+02
3.740000000000000000e+02
4.190000000000000000e+02
5.730000000000000000e+02
4.630000000000000000e+02
4.100000000000000000e+02
4.460000000000000000e+02
3.900000000000000000e+02
3.160000000000000000e+02
3.160000000000000000e+02
4.640000000000000000e+02
4.240000000000000000e+02
4.890000000000000000e+02
2.490000000000000000e+02
2.690000000000000000e+02
2.830000000000000000e+02
2.420000000000000000e+02
2.540000000000000000e+02
3.990000000000000000e+02
3.720000000000000000e+02
2.330000000000000000e+02
2.420000000000000000e+02
2.580000000000000000e+02
4.190000000000000000e+02
5.470000000000000000e+02
6.700000000000000000e+02
6.200000000000000000e+02
5.460000000000000000e+02
6.180000000000000000e+02
3.390000000000000000e+02
2.260000000000000000e+02
3.670000000000000000e+02
3.300000000000000000e+02
4.280000000000000000e+02
4.390000000000000000e+02
3.060000000000000000e+02
3.740000000000000000e+02
5.190000000000000000e+02
5.380000000000000000e+02
6.170000000000000000e+02
5.010000000000000000e+02
4.540000000000000000e+02
3.760000000000000000e+02
2.940000000000000000e+02
4.020000000000000000e+02
3.480000000000000000e+02
3.950000000000000000e+02
3.870000000000000000e+02
3.860000000000000000e+02
3.920000000000000000e+02
6.310000000000000000e+02
3.710000000000000000e+02
3.810000000000000000e+02
3.500000000000000000e+02
2.880000000000000000e+02
2.750000000000000000e+02
3.740000000000000000e+02
2.510000000000000000e+02
2.440000000000000000e+02
3.030000000000000000e+02
2.680000000000000000e+02
2.740000000000000000e+02
2.270000000000000000e+02
2.180000000000000000e+02
1.970000000000000000e+02
3.010000000000000000e+02
2.650000000000000000e+02
1.850000000000000000e+02
2.500000000000000000e+02
2.650000000000000000e+02
2.440000000000000000e+02
2.830000000000000000e+02
2.980000000000000000e+02
3.570000000000000000e+02
4.880000000000000000e+02
2.340000000000000000e+02
2.470000000000000000e+02
2.170000000000000000e+02
2.610000000000000000e+02
3.700000000000000000e+02
1.730000000000000000e+02
1.390000000000000000e+02
2.390000000000000000e+02
2.020000000000000000e+02
2.640000000000000000e+02
1.750000000000000000e+02
3.050000000000000000e+02
2.740000000000000000e+02
1.590000000000000000e+02
2.560000000000000000e+02
2.980000000000000000e+02
