nan
nan
2.854024991393089294e-02
6.118959188461303711e-02
9.165293723344802856e-02
6.244432926177978516e-02
9.521033614873886108e-02
1.100061610341072083e-01
7.939271628856658936e-02
7.571977376937866211e-02
9.827703237533569336e-02
1.110463589429855347e-01
1.751206666231155396e-01
1.239945068955421448e-01
9.624111652374267578e-02
1.241851001977920532e-01
1.359873861074447632e-01
1.265792548656463623e-01
1.162467375397682190e-01
2.185301482677459717e-01
3.200185596942901611e-01
1.346773803234100342e-01
1.301183998584747314e-01
1.080575585365295410e-01
1.010696589946746826e-01
1.151338517665863037e-01
1.443223059177398682e-01
1.264570206403732300e-01
9.991301596164703369e-02
1.206391975283622742e-01
1.756510138511657715e-01
1.706989556550979614e-01
1.458801329135894775e-01
1.300975531339645386e-01
1.512313187122344971e-01
1.694397777318954468e-01
1.406348645687103271e-01
1.545730382204055786e-01
1.757059693336486816e-01
1.701377779245376587e-01
1.901001781225204468e-01
1.886183917522430420e-01
1.813319474458694458e-01
1.756851375102996826e-01
1.445466428995132446e-01
1.348451972007751465e-01
1.371003836393356323e-01
1.706283539533615112e-01
1.637881398200988770e-01
1.834823638200759888e-01
1.695310324430465698e-01
1.645737141370773315e-01
1.820803135633468628e-01
2.004183083772659302e-01
2.023478299379348755e-01
2.129045426845550537e-01
1.897231489419937134e-01
1.797504872083663940e-01
1.629686504602432251e-01
1.518758684396743774e-01
1.667141318321228027e-01
1.524838358163833618e-01
1.637363731861114502e-01
1.520225405693054199e-01
1.993905454874038696e-01
2.119638323783874512e-01
2.127154767513275146e-01
1.843142509460449219e-01
1.902983784675598145e-01
1.813658028841018677e-01
1.630108207464218140e-01
1.679054647684097290e-01
1.693141311407089233e-01
1.540401875972747803e-01
1.568425297737121582e-01
1.581852436065673828e-01
1.364534646272659302e-01
1.468983590602874756e-01
1.671999543905258179e-01
1.805885732173919678e-01
2.134134918451309204e-01
2.195342928171157837e-01
2.388730645179748535e-01
2.180378288030624390e-01
1.789985001087188721e-01
2.089160084724426270e-01
2.235853075981140137e-01
2.454970031976699829e-01
1.948767453432083130e-01
2.101440429687500000e-01
1.856637895107269287e-01
2.228015214204788208e-01
2.061760574579238892e-01
1.881665736436843872e-01
1.505593657493591309e-01
1.568856388330459595e-01
1.904700100421905518e-01
2.029623389244079590e-01
1.899341493844985962e-01
2.082300037145614624e-01
1.962204575538635254e-01
1.935920566320419312e-01
2.011912018060684204e-01
2.186196148395538330e-01
2.276649028062820435e-01
2.084513306617736816e-01
2.042902559041976929e-01
2.236060798168182373e-01
2.093569189310073853e-01
2.351419925689697266e-01
2.112975418567657471e-01
1.958358734846115112e-01
2.601020038127899170e-01
2.805442810058593750e-01
2.084160149097442627e-01
1.949259191751480103e-01
1.945083141326904297e-01
1.865390539169311523e-01
1.477334350347518921e-01
1.725466549396514893e-01
1.707779020071029663e-01
1.820891797542572021e-01
1.772834360599517822e-01
1.599507629871368408e-01
1.275202631950378418e-01
1.194196939468383789e-01
1.436230987310409546e-01
1.451013982295989990e-01
1.757059097290039062e-01
1.518457084894180298e-01
1.167917400598526001e-01
1.181642562150955200e-01
1.568111777305603027e-01
2.001423835754394531e-01
2.084640711545944214e-01
1.987625062465667725e-01
2.087522298097610474e-01
2.321588248014450073e-01
2.334326952695846558e-01
1.437159925699234009e-01
1.502256244421005249e-01
1.598165482282638550e-01
1.752854734659194946e-01
1.785821914672851562e-01
1.593067348003387451e-01
1.788446903228759766e-01
1.813318878412246704e-01
2.009214907884597778e-01
2.191969454288482666e-01
1.776915937662124634e-01
1.863220334053039551e-01
1.658651679754257202e-01
1.473394781351089478e-01
1.084038764238357544e-01
1.497228741645812988e-01
1.560362130403518677e-01
1.953652352094650269e-01
2.169796377420425415e-01
1.977144628763198853e-01
2.159513980150222778e-01
1.905899345874786377e-01
1.813078522682189941e-01
1.775491237640380859e-01
1.341281086206436157e-01
1.177901551127433777e-01
1.284198015928268433e-01
1.490719765424728394e-01
1.379583328962326050e-01
1.229033619165420532e-01
1.350150406360626221e-01
1.085294634103775024e-01
1.081770434975624084e-01
1.263530999422073364e-01
1.157476156949996948e-01
9.990131855010986328e-02
9.637826681137084961e-02
1.010418757796287537e-01
1.138920113444328308e-01
1.195651516318321228e-01
1.143928766250610352e-01
1.293364018201828003e-01
1.320436447858810425e-01
1.432768404483795166e-01
2.020713388919830322e-01
1.609489023685455322e-01
1.031682193279266357e-01
1.023831516504287720e-01
1.119580715894699097e-01
1.005809679627418518e-01
8.020025491714477539e-02
7.300589978694915771e-02
9.392358362674713135e-02
6.420674920082092285e-02
7.722376286983489990e-02
8.753966540098190308e-02
8.782877773046493530e-02
1.158352717757225037e-01
1.390913426876068115e-01
8.777253329753875732e-02
8.850257098674774170e-02
