2.372869415605424415e+00
2.630771006861177597e+00
2.496999590631137966e+00
2.199885276439782711e+00
2.859207523529068595e+00
3.296765267205570726e+00
2.311574895301351518e+00
2.301822028099831829e+00
2.505508462528097890e+00
2.915205857558839764e+00
2.686066895661774367e+00
2.549370330888389269e+00
2.392190432992281846e+00
3.023381063238758326e+00
2.791919220834724769e+00
2.601329937992832075e+00
2.456115391739437825e+00
3.283822793731024259e+00
2.294502456024511083e+00
2.892180970670619633e+00
2.166832351762018938e+00
2.486257314267738217e+00
3.618048100090250685e+00
3.377972541061759593e+00
3.070459482804362317e+00
2.452333523447773889e+00
2.294908141554726999e+00
3.345649887228711261e+00
3.836942412563494109e+00
2.867924871799155007e+00
2.243625164174801956e+00
2.977949852055531643e+00
2.563030283836214451e+00
3.243770763355395825e+00
2.410678368008712269e+00
2.349906398073908331e+00
2.825629661382308644e+00
2.362579369285050301e+00
2.386244792168623174e+00
3.375501652367992822e+00
2.268493232072041010e+00
2.411188372663543245e+00
2.210417061157195384e+00
2.547012697995246544e+00
2.804060127032971472e+00
3.360125616843274710e+00
3.358522661417509436e+00
2.495118997224785140e+00
2.526122383091742751e+00
2.722195930307079070e+00
3.265507225750542641e+00
3.036232171474773978e+00
2.540049282902654415e+00
2.301355330468451310e+00
2.193153276175240585e+00
2.571998042835765830e+00
2.991186149056527022e+00
3.940795270519006799e+00
5.102027681418877414e+00
3.837278671947751185e+00
3.116144354106081593e+00
3.203072824528375939e+00
2.991429891259225204e+00
2.869507107177056593e+00
2.391615422625408272e+00
2.240283640117948671e+00
2.582338535779594046e+00
2.804587073799296615e+00
2.977553130281066274e+00
3.260345679919740114e+00
3.153238182417013036e+00
3.162942482219406326e+00
3.059150896849928802e+00
3.522486421589091865e+00
2.694873736286410359e+00
2.913914861625139796e+00
3.605609490310402343e+00
2.641518834666300553e+00
2.731372158420740881e+00
2.316117501993570471e+00
2.369307388467534636e+00
1.947915438896670182e+00
2.505454950236709166e+00
2.020718752917141092e+00
2.439771063516358307e+00
2.214060049111817641e+00
1.886052689336132460e+00
2.683256381212161035e+00
2.492215358949008586e+00
2.524481836219978348e+00
2.402561347348339371e+00
1.986260097347155584e+00
1.849142039479902522e+00
3.494157210208838737e+00
2.767611947498492597e+00
2.018895527063914841e+00
3.070167540592391386e+00
2.433414227882435554e+00
2.532464130241149469e+00
2.994245115665327361e+00
2.629004193422118885e+00
2.516315379010698905e+00
2.285822195007479962e+00
1.815102894752041784e+00
2.281841207696928553e+00
2.560796321036510559e+00
2.137081341681734692e+00
2.465838714766535933e+00
2.550205060726408846e+00
2.681194785173768302e+00
3.033147696045798369e+00
2.542062447646326717e+00
1.918706036305819262e+00
2.517179535971695081e+00
2.946049750795600719e+00
2.563766852890642323e+00
3.075941293904574270e+00
3.238829883820686373e+00
2.901806143830747420e+00
2.109804976174696201e+00
2.167668125829226078e+00
2.191337044196616457e+00
3.965961260391487997e+00
3.876992258513825451e+00
4.006894425830758166e+00
3.584912448337640445e+00
4.263140665413517105e+00
2.690830894932268791e+00
3.226219029567599428e+00
4.292303891955765671e+00
3.888422589271856022e+00
4.059479224483950155e+00
2.576063468260353151e+00
2.085879841814649360e+00
1.683158332290589643e+00
1.808900467177642746e+00
1.904810324975224178e+00
1.848707262374543525e+00
3.166952291997759517e+00
4.838784008936224623e+00
2.618360404187955126e+00
2.839413325199617866e+00
2.749791970362051696e+00
2.738200593289431772e+00
2.842496553476681065e+00
2.689570102939834673e+00
2.348243936112363706e+00
1.934078740099254512e+00
1.704979509867439624e+00
2.045390655147433012e+00
2.207654525897654541e+00
2.438067882264475017e+00
3.370374867491111814e+00
2.792119371333127820e+00
2.412961915418845749e+00
2.667954819147773993e+00
2.494742297182503954e+00
2.286893882550791623e+00
2.854401410106270465e+00
1.856559508708909734e+00
2.328660590935146768e+00
2.825624678116935407e+00
3.288111901500554435e+00
3.076843067134790832e+00
3.568492454163060046e+00
2.610467339036454781e+00
3.830093705775594604e+00
3.804521144618638218e+00
3.179417627527358459e+00
3.556553352214740560e+00
4.166296863182423316e+00
3.348307251777135729e+00
4.244407665870805424e+00
5.161437888888205094e+00
3.245618501315504112e+00
3.334224327265540300e+00
4.954558160241226084e+00
3.806609376860790928e+00
4.666214851177054257e+00
3.695435520722571976e+00
3.584757696171747998e+00
3.670380220191217902e+00
2.957697008585935095e+00
2.112806067068609739e+00
4.066688172068613660e+00
4.382537823577576930e+00
4.737272498877057814e+00
3.397061812660829627e+00
1.981431396528160915e+00
4.763822571242121384e+00
5.592186507707102017e+00
3.875634589367130456e+00
4.929913219590371654e+00
3.865006793494575543e+00
5.552309456661182807e+00
3.518462392441194186e+00
3.755464707191041640e+00
6.188140000677113228e+00
4.058834454943774261e+00
3.789727102981915952e+00
