2.874465184626370501e+03
2.904743627115561594e+03
2.789984071200016842e+03
3.016012731638305922e+03
2.808553022364666049e+03
2.123948359746843380e+03
2.028272223510030244e+03
2.124520022460565997e+03
2.051349388771348458e+03
1.952837621600706825e+03
2.086649043381522461e+03
2.091084089719403437e+03
2.128448636503766465e+03
2.023859383225924830e+03
2.079944718880242817e+03
2.258820411895907910e+03
2.172851515033758005e+03
2.079233503380325601e+03
1.543018830299836964e+03
2.060622618835607227e+03
2.401605780780995246e+03
2.243844340154567817e+03
2.149940042662558881e+03
2.109172642489767441e+03
2.165346705344956263e+03
2.117692311453652565e+03
2.238889209419409781e+03
2.099355706832522173e+03
2.151801460326608776e+03
2.110710872004945486e+03
2.371701664587933010e+03
2.203629182069641047e+03
2.389038834205674448e+03
2.150198819474052470e+03
2.375498267314351324e+03
2.230027031520539367e+03
2.369078567499656856e+03
2.717396794476489958e+03
2.515923448381486196e+03
2.239852634045289506e+03
2.535792448089991467e+03
2.540300259155780168e+03
2.684282608649355552e+03
2.443599204602772261e+03
2.293680109538669058e+03
2.171246738548046778e+03
2.195323688594832674e+03
2.487510726044664807e+03
2.489813114247523117e+03
2.633134652367805302e+03
2.402949987954997596e+03
2.464059761197311673e+03
2.666416977598743415e+03
2.670945517451078103e+03
2.717201047179579291e+03
2.552662439664427438e+03
2.363777168808213446e+03
2.449278777394299595e+03
2.340989234495613800e+03
2.367109730427051545e+03
2.400160131751527388e+03
2.427139260392482356e+03
2.545221684411907518e+03
2.562465992016061136e+03
2.898166178537356700e+03
2.660186530874464097e+03
2.644691480355974363e+03
2.774786853087056897e+03
2.808704573461403015e+03
2.728287201138719865e+03
2.731937052845239577e+03
2.698329684501453812e+03
2.675613861022175570e+03
2.648897553550359135e+03
2.714329332517586408e+03
2.839366392362576789e+03
2.556876700785452613e+03
3.032125025843397907e+03
2.814275149902419344e+03
2.880992328597529649e+03
2.997733733071379447e+03
3.137780881789633895e+03
3.341016125237854340e+03
3.295678890340231192e+03
3.173381996597801844e+03
3.547174351471209320e+03
3.189302674809923246e+03
3.178552189677686783e+03
2.868561582976120008e+03
2.782437304898950060e+03
3.020636219998842989e+03
3.333937641648267345e+03
3.151840816887085111e+03
2.711979655041908700e+03
2.693974667098497321e+03
2.752563309786632090e+03
2.770264698845078328e+03
2.744378294867004570e+03
2.696783598257939957e+03
2.876996700063350090e+03
2.628053353165438239e+03
2.726001967869911368e+03
3.128015748418551084e+03
3.161564729548413197e+03
3.197680452937426253e+03
2.752659935864447107e+03
2.917143168142551076e+03
2.665488802846532508e+03
2.555874354302775828e+03
2.731094230317777146e+03
2.477582536262388203e+03
2.583191907076978623e+03
2.874481767709902215e+03
2.810078607039804410e+03
2.509332092930461840e+03
2.952861025731905556e+03
2.815244006449292101e+03
2.620424748084891235e+03
2.692316321648843314e+03
2.765404117575692453e+03
2.698362480605369456e+03
3.043658376973367467e+03
2.576992826917602997e+03
2.829930831030225818e+03
2.980687690785484392e+03
2.934526506961447012e+03
2.854054986527079109e+03
3.074219156731096064e+03
2.842692917362285698e+03
3.191129271893240002e+03
3.284378894954425050e+03
3.007238314132408505e+03
2.949909525904254224e+03
3.044043514643662093e+03
3.537349970580337867e+03
3.236486680807932316e+03
2.853072744346908166e+03
3.135847038988635177e+03
2.535517051407927283e+03
2.664828244890091810e+03
2.896558284230032768e+03
2.992306309556749511e+03
2.948784574497720314e+03
2.945057173409435109e+03
2.889973940619123823e+03
3.043815505968816979e+03
2.985570912233606123e+03
3.148917992068503281e+03
3.330840747923324670e+03
2.977086617541966461e+03
3.234449617121683332e+03
2.872948166891348592e+03
2.789424078744358212e+03
2.850678279833625766e+03
3.123216108812643597e+03
3.067796660728219649e+03
2.942527951904815836e+03
2.935654163149065880e+03
2.856318986601380402e+03
3.430991170455917199e+03
2.705866362817277604e+03
2.807804101989254377e+03
2.938049543309601177e+03
2.839765453968414022e+03
2.744852942490679197e+03
2.991274101047639761e+03
2.714463225313604198e+03
2.737600136790310444e+03
2.800115949906406513e+03
2.988574256811635678e+03
3.293054744704960285e+03
3.329086795693718614e+03
3.208420525071452175e+03
3.226959299102787554e+03
3.386662819971283625e+03
3.369048239434193874e+03
3.244330771778870258e+03
3.425859638639692093e+03
3.156373859337827980e+03
3.080116766359883968e+03
2.947536019468122049e+03
2.977081511080976270e+03
3.170662099041433066e+03
3.533875951403644649e+03
3.229723266516045442e+03
3.288894905332505914e+03
3.214744158999258616e+03
3.325626335625569936e+03
3.397388942753889751e+03
3.179294938500829176e+03
3.136186284700193482e+03
3.318232512650889475e+03
3.243976519070579798e+03
3.386887554115715375e+03
3.196876212058262354e+03
3.349712918458697459e+03
3.326795572025665479e+03
3.038818949725715356e+03
3.224427091339071922e+03
3.238167042294380735e+03
