2.312000000000000000e+03
1.980000000000000000e+03
1.983000000000000000e+03
2.172000000000000000e+03
1.777000000000000000e+03
2.010000000000000000e+03
2.151000000000000000e+03
2.190000000000000000e+03
2.117000000000000000e+03
2.003000000000000000e+03
2.088000000000000000e+03
2.110000000000000000e+03
2.060000000000000000e+03
1.969000000000000000e+03
2.038000000000000000e+03
2.083000000000000000e+03
2.056000000000000000e+03
1.949000000000000000e+03
1.441000000000000000e+03
2.025000000000000000e+03
2.145000000000000000e+03
1.793000000000000000e+03
1.830000000000000000e+03
1.920000000000000000e+03
2.042000000000000000e+03
2.424000000000000000e+03
2.237000000000000000e+03
1.978000000000000000e+03
1.829000000000000000e+03
2.069000000000000000e+03
2.052000000000000000e+03
1.904000000000000000e+03
2.005000000000000000e+03
1.895000000000000000e+03
2.121000000000000000e+03
2.055000000000000000e+03
2.124000000000000000e+03
2.059000000000000000e+03
2.026000000000000000e+03
1.767000000000000000e+03
2.076000000000000000e+03
2.122000000000000000e+03
2.188000000000000000e+03
1.977000000000000000e+03
1.998000000000000000e+03
1.940000000000000000e+03
2.016000000000000000e+03
2.045000000000000000e+03
2.038000000000000000e+03
1.960000000000000000e+03
1.692000000000000000e+03
1.859000000000000000e+03
2.021000000000000000e+03
2.164000000000000000e+03
2.052000000000000000e+03
1.870000000000000000e+03
1.799000000000000000e+03
1.515000000000000000e+03
1.300000000000000000e+03
1.728000000000000000e+03
1.919000000000000000e+03
1.860000000000000000e+03
1.923000000000000000e+03
1.980000000000000000e+03
2.157000000000000000e+03
2.134000000000000000e+03
1.871000000000000000e+03
1.919000000000000000e+03
1.905000000000000000e+03
1.969000000000000000e+03
2.022000000000000000e+03
1.936000000000000000e+03
1.960000000000000000e+03
1.842000000000000000e+03
2.015000000000000000e+03
2.157000000000000000e+03
1.622000000000000000e+03
1.915000000000000000e+03
2.095000000000000000e+03
2.151000000000000000e+03
2.047000000000000000e+03
2.966000000000000000e+03
1.767000000000000000e+03
2.403000000000000000e+03
2.422000000000000000e+03
2.484000000000000000e+03
2.335000000000000000e+03
1.807000000000000000e+03
2.123000000000000000e+03
2.228000000000000000e+03
2.506000000000000000e+03
2.240000000000000000e+03
3.007000000000000000e+03
1.746000000000000000e+03
2.332000000000000000e+03
3.069000000000000000e+03
1.843000000000000000e+03
2.520000000000000000e+03
2.181000000000000000e+03
1.822000000000000000e+03
1.989000000000000000e+03
2.035000000000000000e+03
2.153000000000000000e+03
2.555000000000000000e+03
2.123000000000000000e+03
2.001000000000000000e+03
2.086000000000000000e+03
1.987000000000000000e+03
2.048000000000000000e+03
1.883000000000000000e+03
1.987000000000000000e+03
2.021000000000000000e+03
2.507000000000000000e+03
1.991000000000000000e+03
1.837000000000000000e+03
2.121000000000000000e+03
1.769000000000000000e+03
2.012000000000000000e+03
2.366000000000000000e+03
2.451000000000000000e+03
2.722000000000000000e+03
2.762000000000000000e+03
1.654000000000000000e+03
1.679000000000000000e+03
1.532000000000000000e+03
1.751000000000000000e+03
1.681000000000000000e+03
1.669000000000000000e+03
1.905000000000000000e+03
1.652000000000000000e+03
1.808000000000000000e+03
1.732000000000000000e+03
2.104000000000000000e+03
2.518000000000000000e+03
2.661000000000000000e+03
2.400000000000000000e+03
2.389000000000000000e+03
2.466000000000000000e+03
1.833000000000000000e+03
1.529000000000000000e+03
2.003000000000000000e+03
1.892000000000000000e+03
1.973000000000000000e+03
1.922000000000000000e+03
2.233000000000000000e+03
2.062000000000000000e+03
2.337000000000000000e+03
2.519000000000000000e+03
2.753000000000000000e+03
2.994000000000000000e+03
2.535000000000000000e+03
2.339000000000000000e+03
1.732000000000000000e+03
2.543000000000000000e+03
2.229000000000000000e+03
1.910000000000000000e+03
2.163000000000000000e+03
2.142000000000000000e+03
2.009000000000000000e+03
2.376000000000000000e+03
2.652000000000000000e+03
1.944000000000000000e+03
1.968000000000000000e+03
2.368000000000000000e+03
1.994000000000000000e+03
1.849000000000000000e+03
1.811000000000000000e+03
1.820000000000000000e+03
1.697000000000000000e+03
1.868000000000000000e+03
1.469000000000000000e+03
2.204000000000000000e+03
1.712000000000000000e+03
1.232000000000000000e+03
2.070000000000000000e+03
2.184000000000000000e+03
1.656000000000000000e+03
1.768000000000000000e+03
1.676000000000000000e+03
1.544000000000000000e+03
1.715000000000000000e+03
1.833000000000000000e+03
2.343000000000000000e+03
2.577000000000000000e+03
1.684000000000000000e+03
1.629000000000000000e+03
1.569000000000000000e+03
2.049000000000000000e+03
3.310000000000000000e+03
1.476000000000000000e+03
1.223000000000000000e+03
1.571000000000000000e+03
1.297000000000000000e+03
1.719000000000000000e+03
1.261000000000000000e+03
1.811000000000000000e+03
1.761000000000000000e+03
1.213000000000000000e+03
1.690000000000000000e+03
1.620000000000000000e+03
