nan
nan
1.000330261230468665e+01
6.996233010993284651e+00
5.779491021633147874e+00
5.745994269847869873e+00
6.712011301517486928e+00
8.017423858642578338e+00
9.114183888435363201e+00
8.491290299892424898e+00
7.552831060886383341e+00
7.246907773017883692e+00
8.131282229423522523e+00
8.831252446174621795e+00
8.298721618652344034e+00
6.998927683830260982e+00
6.192950513362884379e+00
5.656390464305877330e+00
5.754482347965240052e+00
7.969831688404083181e+00
8.959860787391662029e+00
7.580662698745727290e+00
6.336561403274536097e+00
5.104563663005828644e+00
4.303623375892638769e+00
3.882655260562896782e+00
4.197593266963958847e+00
4.769291367530822612e+00
4.867291750907898340e+00
4.055012772083282258e+00
3.276161029338836794e+00
2.988472627401352000e+00
3.919830440282821460e+00
4.385253788232803096e+00
3.783018068075179929e+00
2.938995212316513062e+00
2.918275605440139753e+00
2.676650110483169698e+00
2.484437712430954015e+00
2.833502409458160454e+00
2.946645584106445170e+00
2.526902841329574656e+00
2.152844460010528760e+00
1.924653360247611911e+00
2.146328256726265149e+00
2.242396870851516510e+00
2.239901072978973229e+00
2.159383689761162017e+00
1.858634600043296725e+00
1.643237800002098181e+00
1.636124235987663322e+00
1.554786779880523717e+00
1.438321385979652423e+00
1.383776072263717571e+00
1.459927324652671832e+00
1.397208415865898168e+00
1.544280283451080260e+00
1.679437349438667404e+00
1.648681706190109342e+00
1.337049425244331458e+00
1.133213735222816432e+00
1.082850946784019497e+00
1.029083744883537266e+00
1.012266698479652449e+00
1.065368985533714286e+00
1.090074813961982692e+00
1.121958453059196392e+00
1.342816650271415613e+00
1.323657757639884913e+00
1.191565449833869916e+00
1.140040637254714939e+00
1.069610117077827383e+00
9.080221596360206204e-01
7.933060175180435269e-01
8.125187861919402899e-01
8.484892579913139166e-01
8.240013450384140459e-01
7.238060787320137468e-01
6.531482079625129389e-01
6.298079243302345809e-01
7.009692555665969493e-01
1.404318937957286906e+00
1.614868203401565561e+00
1.249042036533355660e+00
9.597881358861922729e-01
8.607962882518768177e-01
9.582738727331161499e-01
1.050859431624412643e+00
9.335781067609787431e-01
6.250405430793761763e-01
5.072382640838623002e-01
6.046642079949379189e-01
5.241425526142120539e-01
4.872988183796405637e-01
3.774262617528438835e-01
3.360933649539947776e-01
4.214002259075641521e-01
4.655692307651043138e-01
4.582056219875812464e-01
4.984011761844158173e-01
4.610649229586124553e-01
3.977127076685428864e-01
3.612169885635376221e-01
3.678673151135444797e-01
3.541790165007114299e-01
3.305574572086334428e-01
3.461235927045345218e-01
3.562103454768657529e-01
3.829448071122169561e-01
4.893472266197204656e-01
5.875514692068100064e-01
4.959720911085605533e-01
3.575999446213245503e-01
5.271842248737812486e-01
6.654911141097545890e-01
4.905934967100620270e-01
3.074099160730838776e-01
3.208202305436134161e-01
3.337930944561958158e-01
2.740819156169891357e-01
3.469069001078605718e-01
4.830058056116104392e-01
5.531555633246898473e-01
5.280590876936912537e-01
3.930455100536346391e-01
2.439307057857513505e-01
1.866114289313554886e-01
2.123869311064481846e-01
2.637956057488918260e-01
2.983395759761333643e-01
2.892555584013462022e-01
2.603559294342994712e-01
2.276619140803813890e-01
1.609493844956159658e-01
1.323618202656507425e-01
1.733566275984048943e-01
1.981599554419517517e-01
2.141000895202159748e-01
2.701177776604890557e-01
3.152891483902930947e-01
2.506193311512470157e-01
1.708290344476699751e-01
1.396504564583301577e-01
1.187914995104074473e-01
1.464306693524122238e-01
2.036401910334825482e-01
2.614858394861221402e-01
2.860485810041427657e-01
1.945266370475292328e-01
1.374881576746702083e-01
1.495263548940420073e-01
1.051907095313072138e-01
8.134866096079348963e-02
1.421882656216621466e-01
1.514189502596855197e-01
9.984644114971161222e-02
9.805529914796352886e-02
1.145048234239220558e-01
1.464181761443615060e-01
1.449668686464428979e-01
1.128757023438811263e-01
1.290530222654342751e-01
1.802483376115560643e-01
2.200570064038038232e-01
2.136373291909694772e-01
2.125131893903016989e-01
2.148215492814779248e-01
2.175058475136756875e-01
2.048776236921548977e-01
2.133235651254653809e-01
1.958582602441310827e-01
1.649038267135620184e-01
1.257754083722829874e-01
1.237318613752722701e-01
1.038284671306610174e-01
8.399969153106212616e-02
8.313903920352458399e-02
1.045248610526323257e-01
1.243753529340028696e-01
1.555159429833292972e-01
1.319337114691734314e-01
1.088980691879987694e-01
1.125496737658977509e-01
2.150761537253856603e-01
2.689953459799289681e-01
2.962885613739490442e-01
2.648071861267090044e-01
2.167215832322836044e-01
1.899592921882867769e-01
1.960681657493114349e-01
1.880302235484123119e-01
1.759917414933443169e-01
1.849273011088371221e-01
1.706997708231210720e-01
1.611185844242572773e-01
1.418149594962596904e-01
1.357436576485633872e-01
1.489674675464630060e-01
1.687846188992261909e-01
1.730485623329877931e-01
