-1.632155443396244300e+04
-1.289375415923489709e+04
-1.356736333873495823e+04
-2.244369652252931337e+04
-1.152122227293623655e+04
-2.076634546180777761e+04
-2.460191067414824283e+04
-2.420694813390533818e+04
-2.264954312022828526e+04
-1.298658908662054273e+04
-2.986063912007133331e+04
-2.550171891694419537e+04
-3.517573122425060865e+04
-1.667858931964058138e+04
-2.146946095075471021e+04
-2.491996647339550691e+04
-2.508818092328096463e+04
-1.659641572118626573e+04
-3.454911704879016179e+04
-1.937108150485818987e+04
-3.001442415219223403e+04
-1.599301858316955804e+04
-1.514709682038166284e+04
-1.550864456889051871e+04
-1.568636264835210568e+04
-1.767675373671375564e+04
-3.213745687777366766e+04
-1.338050885721459963e+04
-1.370467586076323823e+04
-1.501670027133729673e+04
-2.911067663220689064e+04
-2.132631961230418528e+04
-1.735939125519309528e+04
-1.172070481568144714e+04
-2.276545674851043077e+04
-1.972298704380344861e+04
-1.334772469546064531e+04
-1.409180688259318595e+04
-2.369835045596486816e+04
-1.581926666624488462e+04
-2.273572706113539607e+04
-1.740311403935307317e+04
-2.055820321465699453e+04
-1.345533414067265403e+04
-1.025696459101281289e+04
-1.473908613324721955e+04
-1.403455022252218077e+04
-1.533223080396977275e+04
-1.291642860200004725e+04
-1.307049012260602831e+04
-1.442297865495644874e+04
-9.696007833499877961e+03
-1.959769823950936188e+04
-1.669470139381270928e+04
-2.561720824774360881e+04
-1.643581732015622401e+04
-1.452709352774997569e+04
-7.921513446093610582e+03
-3.657229227207099939e+03
-1.231687820751309300e+04
-9.492849319155260673e+03
-1.089242171332339058e+04
-9.795129064490116434e+03
-7.243823343357344129e+03
-1.641879211229734938e+04
-1.786366252971777067e+04
-1.246705513877739395e+04
-8.790338913396904900e+03
-1.326556644437923387e+04
-9.025155629519074864e+03
-1.177551520286455889e+04
-9.335045336573330133e+03
-9.365326108879800813e+03
-6.896584997364396258e+03
-1.159676487827326855e+04
-7.674964458671296597e+03
-5.303759906085835610e+03
-1.102799677294988396e+04
-5.799678038734526126e+03
-1.157870732400997986e+04
-1.746793248534061422e+04
-2.456787344301803751e+04
-9.875498761116707101e+03
-1.245042245513246053e+04
-1.221653506004868541e+04
-1.683965048312312138e+04
-2.006095462898020560e+04
-9.413214518877757655e+03
-1.131944047268571012e+04
-1.262224587713404981e+04
-1.273570880891349225e+04
-1.482757116464223327e+04
-1.453791653034077717e+04
-4.773144596616460149e+03
-1.053999801831798868e+04
-1.317153528145868950e+04
-1.026146239709660404e+04
-1.240144995625208321e+04
-8.540195555850779783e+03
-8.544518408942787573e+03
-1.002310075930227504e+04
-1.484855030259807427e+04
-1.191634135534452253e+04
-1.270522875147366358e+04
-1.359486876891497923e+04
-9.017617003815177668e+03
-1.347270288121861995e+04
-1.169293144718261283e+04
-1.007003177227403648e+04
-1.190072536602017317e+04
-7.975997405354903094e+03
-1.191085676987794250e+04
-2.491109726991465504e+04
-1.140752526724133713e+04
-8.554873226721920219e+03
-1.182449867991485917e+04
-1.072883226256951639e+04
-6.069332228455998120e+03
-7.846463868212274974e+03
-1.321283938404883156e+04
-1.506326443843168272e+04
-1.708555917926401526e+04
-2.433930500172033589e+03
-4.508272727602100531e+03
-3.836189196780729617e+03
-5.078060736233849639e+03
-2.678259164898484414e+03
-1.711951193943302860e+04
-5.811255823811274240e+03
-1.633799100441295650e+03
-4.055852862653680404e+03
-4.294059978839105497e+03
-1.080344450108506862e+04
-1.281498548095308252e+04
-1.675650255775589540e+04
-1.305013874893686443e+04
-1.432706925235588278e+04
-1.951011821864690864e+04
-7.185613137220449971e+03
-9.189434921076860974e+02
-7.470997407933283284e+03
-9.745774788546857963e+03
-9.101285785248932370e+03
-1.042055878409190154e+04
-7.733221676549134827e+03
-1.249522285637321329e+04
-1.168068544963066779e+04
-1.319868064199228138e+04
-1.329244836686095732e+04
-1.416409742193615239e+04
-1.098448768472269148e+04
-6.490279275625370246e+03
-4.289561711587075479e+03
-5.994881663014556580e+03
-8.236172802368795601e+03
-7.455224941978257448e+03
-8.839702893031770145e+03
-1.409181716443637742e+04
-6.678903537929752929e+03
-1.388407928698729484e+04
-9.667805726676684571e+03
-8.986743791870527275e+03
-6.382384833249566327e+03
-8.447670510462272432e+03
-3.465412739689490536e+03
-7.481379765498131746e+03
-4.195619418248531474e+03
-2.585755497132800429e+03
-6.520476542044075359e+03
-4.815081918510159994e+03
-3.211122131122303472e+03
-5.493717578654264798e+03
-1.865153419941186030e+03
4.278769497742312637e+02
-6.754186971943705430e+03
-4.171927640043221800e+03
-9.591870437780227121e+02
-5.709136882542336934e+03
-2.823786161466656267e+03
-3.556795752279113458e+03
-3.992519449375748081e+03
-4.304984039139430024e+03
-1.172882567219530210e+04
-2.406761688515160495e+04
-5.122303883546686848e+03
-2.309361202646717175e+03
-1.674033693386588766e+03
-8.166080302896608373e+03
-9.571127138478730558e+03
1.116629496728131699e+03
2.496081390785956955e+03
-4.802788932829597798e+03
1.413600551074678833e+03
-5.722457938673218450e+03
1.806644660562148374e+03
-1.026590592617532093e+04
-6.940379572422815727e+03
2.358800659054276366e+03
-4.541492767749035920e+03
-7.220113313019189263e+03
