6.278000000000000000e+03
5.238000000000000000e+03
5.330000000000000000e+03
6.007000000000000000e+03
5.842000000000000000e+03
3.633000000000000000e+03
4.588000000000000000e+03
3.104000000000000000e+03
2.428000000000000000e+03
1.729000000000000000e+03
2.338000000000000000e+03
3.727000000000000000e+03
2.953000000000000000e+03
3.030000000000000000e+03
3.218000000000000000e+03
2.345000000000000000e+03
1.913000000000000000e+03
1.576000000000000000e+03
2.576000000000000000e+03
2.276000000000000000e+03
1.690000000000000000e+03
1.751000000000000000e+03
1.486000000000000000e+03
1.659000000000000000e+03
1.034000000000000000e+03
1.221000000000000000e+03
9.690000000000000000e+02
7.370000000000000000e+02
4.400000000000000000e+02
4.590000000000000000e+02
5.200000000000000000e+02
3.870000000000000000e+02
3.290000000000000000e+02
4.700000000000000000e+02
2.780000000000000000e+02
3.480000000000000000e+02
4.530000000000000000e+02
2.960000000000000000e+02
2.870000000000000000e+02
3.180000000000000000e+02
2.390000000000000000e+02
2.240000000000000000e+02
3.550000000000000000e+02
2.240000000000000000e+02
2.370000000000000000e+02
3.040000000000000000e+02
2.180000000000000000e+02
2.600000000000000000e+02
3.110000000000000000e+02
2.260000000000000000e+02
2.460000000000000000e+02
1.780000000000000000e+02
2.490000000000000000e+02
2.110000000000000000e+02
2.240000000000000000e+02
2.050000000000000000e+02
2.490000000000000000e+02
2.940000000000000000e+02
2.440000000000000000e+02
3.000000000000000000e+02
2.210000000000000000e+02
1.840000000000000000e+02
2.820000000000000000e+02
3.150000000000000000e+02
2.390000000000000000e+02
3.750000000000000000e+02
2.920000000000000000e+02
4.510000000000000000e+02
3.530000000000000000e+02
3.790000000000000000e+02
4.660000000000000000e+02
1.550000000000000000e+02
2.460000000000000000e+02
1.880000000000000000e+02
2.790000000000000000e+02
2.760000000000000000e+02
4.300000000000000000e+02
3.420000000000000000e+02
3.340000000000000000e+02
4.240000000000000000e+02
3.280000000000000000e+02
2.460000000000000000e+02
2.320000000000000000e+02
2.050000000000000000e+02
2.160000000000000000e+02
3.120000000000000000e+02
2.320000000000000000e+02
2.120000000000000000e+02
2.180000000000000000e+02
2.070000000000000000e+02
1.860000000000000000e+02
3.580000000000000000e+02
2.860000000000000000e+02
2.980000000000000000e+02
3.630000000000000000e+02
5.170000000000000000e+02
2.410000000000000000e+02
3.250000000000000000e+02
3.010000000000000000e+02
1.870000000000000000e+02
3.530000000000000000e+02
3.180000000000000000e+02
4.700000000000000000e+02
3.460000000000000000e+02
5.710000000000000000e+02
5.730000000000000000e+02
6.330000000000000000e+02
2.070000000000000000e+02
1.970000000000000000e+02
2.560000000000000000e+02
1.950000000000000000e+02
2.530000000000000000e+02
3.420000000000000000e+02
3.450000000000000000e+02
3.420000000000000000e+02
2.970000000000000000e+02
4.610000000000000000e+02
3.130000000000000000e+02
2.810000000000000000e+02
2.840000000000000000e+02
2.500000000000000000e+02
3.000000000000000000e+02
3.860000000000000000e+02
5.390000000000000000e+02
5.630000000000000000e+02
6.330000000000000000e+02
4.980000000000000000e+02
2.780000000000000000e+02
3.760000000000000000e+02
2.440000000000000000e+02
2.390000000000000000e+02
3.770000000000000000e+02
2.920000000000000000e+02
3.580000000000000000e+02
5.920000000000000000e+02
2.480000000000000000e+02
2.310000000000000000e+02
2.760000000000000000e+02
2.350000000000000000e+02
3.990000000000000000e+02
4.890000000000000000e+02
4.370000000000000000e+02
4.800000000000000000e+02
5.340000000000000000e+02
4.420000000000000000e+02
4.800000000000000000e+02
4.340000000000000000e+02
6.350000000000000000e+02
3.500000000000000000e+02
4.210000000000000000e+02
3.870000000000000000e+02
6.030000000000000000e+02
3.140000000000000000e+02
3.710000000000000000e+02
3.190000000000000000e+02
4.600000000000000000e+02
3.640000000000000000e+02
2.610000000000000000e+02
3.270000000000000000e+02
3.040000000000000000e+02
2.690000000000000000e+02
2.510000000000000000e+02
4.030000000000000000e+02
3.820000000000000000e+02
4.490000000000000000e+02
3.880000000000000000e+02
3.710000000000000000e+02
4.840000000000000000e+02
1.670000000000000000e+02
3.670000000000000000e+02
2.310000000000000000e+02
1.840000000000000000e+02
2.960000000000000000e+02
2.420000000000000000e+02
4.400000000000000000e+02
1.600000000000000000e+02
3.330000000000000000e+02
3.120000000000000000e+02
2.150000000000000000e+02
2.450000000000000000e+02
3.200000000000000000e+02
1.910000000000000000e+02
2.300000000000000000e+02
2.980000000000000000e+02
2.450000000000000000e+02
3.080000000000000000e+02
3.480000000000000000e+02
2.250000000000000000e+02
1.860000000000000000e+02
2.400000000000000000e+02
2.940000000000000000e+02
1.310000000000000000e+02
1.820000000000000000e+02
2.110000000000000000e+02
2.990000000000000000e+02
2.490000000000000000e+02
2.710000000000000000e+02
2.360000000000000000e+02
2.590000000000000000e+02
2.050000000000000000e+02
