nan
nan
6.170442700386047363e-02
1.229138672351837158e-01
1.176692321896553040e-01
1.170873045921325684e-01
2.918251156806945801e-01
8.625558614730834961e-01
4.721295833587646484e-01
4.566620886325836182e-01
1.597057431936264038e-01
1.987321674823760986e-01
1.809675097465515137e-01
1.658251285552978516e-01
2.163930088281631470e-01
1.367023438215255737e-01
1.470723599195480347e-01
1.231896281242370605e-01
1.328092664480209351e-01
2.032116353511810303e-01
1.643898338079452515e-01
1.628770232200622559e-01
1.618243306875228882e-01
1.684282571077346802e-01
1.376914978027343750e-01
1.725959181785583496e-01
1.580989807844161987e-01
1.597770005464553833e-01
1.873911917209625244e-01
1.740888804197311401e-01
1.947932839393615723e-01
1.408454030752182007e-01
1.125145554542541504e-01
1.693913787603378296e-01
1.821240037679672241e-01
1.945216506719589233e-01
2.159989029169082642e-01
2.107254564762115479e-01
1.693800240755081177e-01
1.362029910087585449e-01
1.566938012838363647e-01
1.376772671937942505e-01
1.039214804768562317e-01
1.138226836919784546e-01
1.129979863762855530e-01
1.652575582265853882e-01
1.037512421607971191e-01
1.543468087911605835e-01
1.767867058515548706e-01
1.591666042804718018e-01
1.524258553981781006e-01
9.983344376087188721e-02
1.269900947809219360e-01
1.381663084030151367e-01
1.223619505763053894e-01
1.028748676180839539e-01
1.537870615720748901e-01
1.734933853149414062e-01
1.621798276901245117e-01
1.869114488363265991e-01
1.836687475442886353e-01
1.508894562721252441e-01
1.222314834594726562e-01
1.427879631519317627e-01
1.049205064773559570e-01
1.485013812780380249e-01
1.350488811731338501e-01
1.669866293668746948e-01
2.376262247562408447e-01
1.884099990129470825e-01
1.654208600521087646e-01
1.341106891632080078e-01
1.382028162479400635e-01
1.006761565804481506e-01
1.517026573419570923e-01
1.336091905832290649e-01
1.627940386533737183e-01
1.121032461524009705e-01
1.418649107217788696e-01
2.381917834281921387e-01
2.368574440479278564e-01
2.228031903505325317e-01
1.669476330280303955e-01
1.737204194068908691e-01
1.343635469675064087e-01
2.387823015451431274e-01
2.259208709001541138e-01
1.642463207244873047e-01
1.583650261163711548e-01
1.521694064140319824e-01
1.334306299686431885e-01
1.587632298469543457e-01
1.602459847927093506e-01
2.051407843828201294e-01
1.586367338895797729e-01
1.669915616512298584e-01
1.997532546520233154e-01
1.595355719327926636e-01
1.821212023496627808e-01
1.643679440021514893e-01
2.356329560279846191e-01
1.835622489452362061e-01
1.548146903514862061e-01
1.991171091794967651e-01
2.440753877162933350e-01
1.995071172714233398e-01
2.745244503021240234e-01
2.393966615200042725e-01
1.751230359077453613e-01
1.906518936157226562e-01
1.884049922227859497e-01
1.849097907543182373e-01
1.778663545846939087e-01
1.658004969358444214e-01
1.936713904142379761e-01
1.585471928119659424e-01
1.938445419073104858e-01
2.484347969293594360e-01
1.776832193136215210e-01
1.403791606426239014e-01
1.805484890937805176e-01
1.692964285612106323e-01
1.581259965896606445e-01
1.539636999368667603e-01
2.217353582382202148e-01
2.327365726232528687e-01
2.702026665210723877e-01
2.107279747724533081e-01
1.663271784782409668e-01
2.187766879796981812e-01
1.693956851959228516e-01
1.857541352510452271e-01
1.982967257499694824e-01
2.170795053243637085e-01
2.036453038454055786e-01
1.625320017337799072e-01
1.718425005674362183e-01
1.602151393890380859e-01
1.768483072519302368e-01
1.674633622169494629e-01
2.047702223062515259e-01
2.012622058391571045e-01
1.765723675489425659e-01
2.200642973184585571e-01
2.361832410097122192e-01
2.602027654647827148e-01
2.689893841743469238e-01
2.365361005067825317e-01
1.512500047683715820e-01
1.122633740305900574e-01
1.536448746919631958e-01
1.747141331434249878e-01
1.390603035688400269e-01
1.667801439762115479e-01
1.718635112047195435e-01
2.197867780923843384e-01
1.619367152452468872e-01
1.286866813898086548e-01
1.576968282461166382e-01
1.318777948617935181e-01
1.610547155141830444e-01
1.434740722179412842e-01
1.254452168941497803e-01
1.347709894180297852e-01
9.003640711307525635e-02
1.236067414283752441e-01
1.577939838171005249e-01
1.798713654279708862e-01
1.705527901649475098e-01
1.781297326087951660e-01
1.539970487356185913e-01
1.464820653200149536e-01
1.772884279489517212e-01
1.824309825897216797e-01
2.961779236793518066e-01
2.112264037132263184e-01
2.493737488985061646e-01
2.186767756938934326e-01
1.889854669570922852e-01
1.568525582551956177e-01
1.649796515703201294e-01
1.711356639862060547e-01
1.578218787908554077e-01
1.624289005994796753e-01
1.637626141309738159e-01
1.794604510068893433e-01
1.928317844867706299e-01
1.688897758722305298e-01
1.397499740123748779e-01
1.547162681818008423e-01
1.584994643926620483e-01
1.659158915281295776e-01
1.573142558336257935e-01
1.420281380414962769e-01
1.298491954803466797e-01
1.481658816337585449e-01
1.498178392648696899e-01
1.552697122097015381e-01
1.591372042894363403e-01
1.465031653642654419e-01
