2.500429276843638249e+00
2.896167673016575517e+00
2.752338092917507861e+00
2.499687359249741725e+00
2.485571705232007211e+00
1.665860473764892324e+00
1.969613592937996982e+00
2.127331523328687801e+00
3.285407200766755409e+00
4.347825779543353697e+00
3.280800278554933946e+00
2.122509437646167285e+00
2.478223609310492570e+00
2.468748658959740272e+00
2.213481620526950522e+00
2.684564157883760238e+00
3.193872669637745965e+00
2.815609145134489566e+00
2.029074139587890180e+00
2.110685477979352687e+00
2.461474352416790801e+00
2.375108266750749042e+00
2.185384472114771715e+00
1.963025505287914196e+00
2.358967618556133239e+00
1.999625383403934586e+00
1.986873093976163851e+00
1.954707361787479947e+00
2.189196010076047472e+00
2.032392218624093694e+00
2.150216776989676504e+00
2.982809517151582490e+00
2.936757227348755439e+00
2.279348768014072490e+00
3.611917782811936650e+00
2.853343682465998121e+00
2.187814150821826509e+00
3.518143928821855226e+00
3.296301783657689999e+00
3.038804791177832865e+00
3.140740651621016788e+00
4.438756738096984122e+00
2.306275261512368946e+00
4.586990917453309002e+00
3.693124585796797810e+00
3.895735583013079317e+00
4.410423287351578736e+00
4.118868803311982241e+00
3.395168023111465594e+00
4.979410910124805412e+00
3.954841899272555139e+00
5.557361146947267905e+00
3.726138826626808509e+00
4.616003752440584584e+00
4.522797713365596550e+00
4.457986111574385291e+00
3.681753763044818495e+00
3.070465474766427949e+00
3.594710273941044587e+00
3.544446534758444400e+00
4.344576460550054975e+00
5.366832629245312347e+00
3.202520203031594015e+00
3.448065197428176187e+00
3.458463106153609967e+00
2.807664384717786898e+00
3.522031107991753451e+00
2.649802668879014167e+00
2.733909927529711847e+00
2.874437727756480765e+00
2.494041536949848314e+00
5.436183246685128978e+00
4.072064811487881464e+00
4.903638570430807420e+00
3.069536486461762692e+00
3.825570582698866406e+00
1.889060243973369246e+00
2.679007647374767043e+00
3.287352291358150769e+00
2.629229255765757500e+00
3.790732915921260382e+00
4.043943624449210184e+00
4.692829935599727165e+00
4.350817270144380799e+00
3.967648920200834262e+00
3.390933365834317481e+00
3.660537654495159554e+00
4.513099743474358050e+00
4.471556911089401787e+00
4.204949900213085456e+00
4.734569703369308158e+00
3.034823140405090935e+00
3.097601028474919360e+00
3.207273744800669402e+00
2.991868995997916336e+00
1.859833867737415103e+00
4.178409015632989387e+00
2.372996344094273180e+00
3.788741004159112968e+00
4.661384843890333585e+00
3.274117586192064611e+00
3.808245433084995302e+00
2.696434998128288019e+00
3.082538070717342649e+00
1.752169689305179467e+00
2.205086496750984448e+00
1.817371210916401525e+00
4.235367860803468609e+00
4.725891107930022983e+00
3.458969250369993809e+00
4.401517509751506019e+00
3.328338261316480029e+00
3.051357336203443182e+00
2.763347195264554301e+00
2.955198085342511938e+00
3.246545904929888593e+00
2.591546320313035334e+00
3.422968205394260721e+00
3.375320090472099466e+00
3.630765976506955095e+00
3.994398297221991356e+00
3.738034883624867355e+00
2.452745184001263290e+00
1.962413910823317842e+00
2.033415743842123202e+00
1.674132888281851583e+00
2.399815927370268387e+00
3.284799895986352691e+00
2.260938522440180343e+00
3.539092565205362195e+00
3.913141067520675254e+00
2.777262978737783161e+00
3.011865873771963020e+00
3.101524774482797842e+00
2.036236385623959144e+00
4.298619849804181214e+00
4.296142664766848362e+00
3.501696264249874790e+00
3.476229843988601687e+00
2.470091006386115229e+00
2.386228684336496819e+00
2.547112939560479017e+00
2.408193819877285424e+00
2.015627901037233105e+00
2.200486231400355042e+00
2.276411835478302059e+00
2.330092708313729055e+00
1.651556257257208449e+00
2.706257747381352274e+00
1.690517789019577277e+00
2.575092752075853753e+00
2.064401442620897420e+00
2.838955989571492644e+00
2.299841402275352387e+00
3.153720301758881739e+00
2.488788041099144976e+00
2.711458643575122451e+00
3.854726694764139427e+00
2.983499556210992942e+00
2.694775924381503707e+00
3.978741468065063902e+00
4.153267828560124997e+00
1.982054000450299558e+00
2.433036961968252143e+00
1.345114807469413476e+00
2.974432933333662987e+00
3.318265920734260188e+00
2.242075609325849150e+00
5.525710261135614587e+00
2.646031008840454835e+00
4.545435366096987728e+00
4.280272142276369429e+00
3.464072863206305808e+00
4.262713343417892986e+00
3.056815504481257495e+00
4.939538750256363464e+00
3.814193400368552478e+00
2.850021519220092614e+00
5.086415865971940065e+00
4.092819272976200295e+00
2.866174285955534806e+00
5.695697200305662733e+00
4.303351968242167480e+00
3.805734350084255091e+00
3.104788310832422571e+00
3.850400929573050135e+00
3.054819363668624721e+00
4.860733638788259370e+00
4.401828387277783250e+00
4.372783296025409605e+00
3.463322686684154661e+00
6.491975328459628436e+00
5.350900336204663432e+00
4.667850804944269072e+00
3.053966017193952887e+00
4.137699652316852550e+00
4.481342032916712625e+00
4.232970115355799479e+00
4.330875480397517130e+00
4.176363451337219423e+00
