2.845707079235339279e+03
2.798795689600786318e+03
2.779090749757374397e+03
2.884901112199201634e+03
2.679439101973830475e+03
1.351712909938227767e+03
2.224018850625863251e+03
1.467097262334420975e+03
2.212331496782220256e+03
2.568820253354413580e+03
2.583232800039166250e+03
2.294743225455978063e+03
2.453324448363119700e+03
2.248196525623869093e+03
2.244828329329772714e+03
2.150843649107380770e+03
2.412072459290399365e+03
2.086128686983383432e+03
2.658769941567831665e+03
2.596713898698247249e+03
2.522533263350420839e+03
2.689139299368866432e+03
2.420339609909511637e+03
2.937857791176125829e+03
2.141017047403274319e+03
2.330906442923786926e+03
3.170867208595822376e+03
3.539907056925007510e+03
3.055479275489408337e+03
2.948257867988450926e+03
3.007112452640663378e+03
2.828638580658313003e+03
2.669903015454208344e+03
2.579866894425390001e+03
2.545831381776089529e+03
2.803999711741597821e+03
3.438581255243154828e+03
3.158393074765199344e+03
3.332017190543105244e+03
3.263725873853737085e+03
3.321296939829493567e+03
3.071183100931149511e+03
3.330861261398124498e+03
2.911404281200461355e+03
3.183649090989464639e+03
3.190097135292181065e+03
3.025700370088356976e+03
3.146140068728120241e+03
3.191107251142165751e+03
3.015288894333746157e+03
3.078258643562401176e+03
2.964464956283909487e+03
3.065908403269391329e+03
3.054276137788711821e+03
3.080639185547904162e+03
3.023324921761045061e+03
2.907139193472236002e+03
3.151263619497957734e+03
2.924391273501425530e+03
2.853582862442805435e+03
3.039752485945969511e+03
2.978939280226750270e+03
3.014098001420013134e+03
2.700212729713317913e+03
2.957218856383304228e+03
2.730112201406607255e+03
2.388486269963495033e+03
2.881092617974684345e+03
2.864250313576074404e+03
2.704260187195727212e+03
3.034807553628807000e+03
2.833604866699382001e+03
3.026713231412048572e+03
2.746268938957395221e+03
3.104657165665269986e+03
2.821181897504138306e+03
3.342295304595407288e+03
3.217735550199049612e+03
3.078036665839378657e+03
3.004650028197682332e+03
3.135065792747758678e+03
3.292663911220767204e+03
3.237193606135754180e+03
3.271822706310974354e+03
3.131752970010581976e+03
3.451893295090424090e+03
3.296394623132397101e+03
3.244283095996374414e+03
3.296915393474273515e+03
3.184836927413336980e+03
3.189165256340644646e+03
3.298314747253874884e+03
2.981982440770082121e+03
3.128410576432801918e+03
3.711523531095378075e+03
3.681504682720463279e+03
3.244381642885319707e+03
3.229967493889245816e+03
3.336902063618253578e+03
2.918194240517487287e+03
3.288959079205232683e+03
2.990922384256731220e+03
3.462709479267768984e+03
3.018406863708696164e+03
3.441749328524133489e+03
2.759700590754786390e+03
3.051195191218350374e+03
3.156115041105566434e+03
3.092873156004208795e+03
3.136662120899057300e+03
2.971619219644222540e+03
2.900738291551992916e+03
2.886865034722645760e+03
2.749447221318052470e+03
2.813628824848591194e+03
2.668946327420886519e+03
2.864866476702006821e+03
2.914428945846528677e+03
3.202511331598103880e+03
2.778347233445613256e+03
2.829828107999406257e+03
2.451608099896699059e+03
2.438529734286662460e+03
2.827089031282197993e+03
3.248355821788876710e+03
2.596994751803824784e+03
3.552632104702994184e+03
3.360334585818371124e+03
3.492830023890983284e+03
2.946986701350562726e+03
3.065367091314029949e+03
2.994277723778513973e+03
2.787926723095091347e+03
2.687901650361777229e+03
3.415558113950488860e+03
2.813616265740928156e+03
2.988367829236326543e+03
3.060516864636777882e+03
2.928443937011469188e+03
2.631062160101703739e+03
2.838907906148330312e+03
2.598207120177767138e+03
2.364945857658493424e+03
2.653626954492022833e+03
2.867766762108113653e+03
2.814652681609738011e+03
3.159423568813944257e+03
3.179804649893088481e+03
2.608734977673546382e+03
2.793525527779026106e+03
2.737749458816550941e+03
3.083749419197185489e+03
2.717699313969815648e+03
2.658091704167531589e+03
2.528325267609203365e+03
2.746860508423487317e+03
2.475807676975598952e+03
2.467159030489954148e+03
2.800043354949437344e+03
2.594058233890226802e+03
2.564044859959776204e+03
2.462419186055353293e+03
2.619424659786670418e+03
2.282386561664565306e+03
2.302859077592909216e+03
2.703985884220371190e+03
2.526151867829986259e+03
2.421502686101802283e+03
2.580708915974431875e+03
2.840259212214033596e+03
2.766084719025592676e+03
2.799230192820047705e+03
2.894128463702693352e+03
2.811122446976858555e+03
3.001956728369729262e+03
2.774134876875600639e+03
2.850638452422402679e+03
3.417764903038683769e+03
2.922187269349860799e+03
3.016347616310110880e+03
3.200392901199463722e+03
2.951322492081425480e+03
3.090538666778125389e+03
3.274323287212530431e+03
3.102494607830445148e+03
3.116411083814688027e+03
3.244344835547677576e+03
3.053009957016778117e+03
3.108057804312842109e+03
3.183114588982433816e+03
3.231982745564772358e+03
2.958513104447320075e+03
3.012670124063322874e+03
3.119015220202252749e+03
3.065088370827826566e+03
2.919395603266500530e+03
2.676298374971932390e+03
2.963617331337190080e+03
2.641968520498418911e+03
2.605004615598087184e+03
