2.002000000000000000e+03
2.049000000000000000e+03
1.976000000000000000e+03
2.275000000000000000e+03
2.206000000000000000e+03
1.521000000000000000e+03
2.678000000000000000e+03
1.432000000000000000e+03
1.709000000000000000e+03
1.662000000000000000e+03
2.071000000000000000e+03
2.094000000000000000e+03
1.899000000000000000e+03
2.204000000000000000e+03
2.062000000000000000e+03
2.151000000000000000e+03
1.747000000000000000e+03
2.049000000000000000e+03
2.297000000000000000e+03
2.055000000000000000e+03
2.337000000000000000e+03
1.894000000000000000e+03
2.308000000000000000e+03
2.300000000000000000e+03
2.347000000000000000e+03
2.199000000000000000e+03
2.657000000000000000e+03
2.617000000000000000e+03
2.365000000000000000e+03
2.539000000000000000e+03
2.328000000000000000e+03
1.867000000000000000e+03
2.361000000000000000e+03
2.236000000000000000e+03
1.777000000000000000e+03
2.012000000000000000e+03
2.847000000000000000e+03
1.717000000000000000e+03
1.907000000000000000e+03
1.916000000000000000e+03
2.082000000000000000e+03
1.585000000000000000e+03
2.988000000000000000e+03
1.651000000000000000e+03
1.819000000000000000e+03
1.691000000000000000e+03
1.771000000000000000e+03
1.684000000000000000e+03
1.687000000000000000e+03
1.252000000000000000e+03
1.588000000000000000e+03
1.238000000000000000e+03
2.036000000000000000e+03
1.603000000000000000e+03
1.633000000000000000e+03
1.694000000000000000e+03
2.013000000000000000e+03
2.161000000000000000e+03
2.065000000000000000e+03
1.865000000000000000e+03
1.608000000000000000e+03
1.316000000000000000e+03
2.208000000000000000e+03
1.693000000000000000e+03
1.953000000000000000e+03
2.118000000000000000e+03
1.997000000000000000e+03
2.484000000000000000e+03
2.432000000000000000e+03
1.914000000000000000e+03
2.207000000000000000e+03
1.254000000000000000e+03
2.021000000000000000e+03
1.373000000000000000e+03
2.105000000000000000e+03
1.486000000000000000e+03
3.463000000000000000e+03
2.162000000000000000e+03
2.042000000000000000e+03
1.938000000000000000e+03
1.725000000000000000e+03
1.347000000000000000e+03
1.609000000000000000e+03
1.682000000000000000e+03
1.462000000000000000e+03
1.684000000000000000e+03
1.989000000000000000e+03
1.584000000000000000e+03
1.405000000000000000e+03
1.829000000000000000e+03
1.512000000000000000e+03
2.342000000000000000e+03
2.014000000000000000e+03
2.185000000000000000e+03
1.982000000000000000e+03
3.088000000000000000e+03
1.651000000000000000e+03
2.736000000000000000e+03
1.752000000000000000e+03
1.386000000000000000e+03
1.677000000000000000e+03
1.873000000000000000e+03
2.262000000000000000e+03
1.943000000000000000e+03
3.219000000000000000e+03
2.376000000000000000e+03
3.157000000000000000e+03
1.639000000000000000e+03
1.695000000000000000e+03
2.031000000000000000e+03
1.379000000000000000e+03
1.884000000000000000e+03
2.149000000000000000e+03
2.293000000000000000e+03
2.287000000000000000e+03
2.068000000000000000e+03
1.753000000000000000e+03
2.045000000000000000e+03
2.022000000000000000e+03
1.852000000000000000e+03
1.797000000000000000e+03
1.629000000000000000e+03
2.233000000000000000e+03
3.397000000000000000e+03
2.032000000000000000e+03
2.478000000000000000e+03
1.987000000000000000e+03
2.100000000000000000e+03
2.495000000000000000e+03
1.835000000000000000e+03
1.770000000000000000e+03
2.447000000000000000e+03
1.972000000000000000e+03
1.822000000000000000e+03
2.254000000000000000e+03
1.477000000000000000e+03
1.654000000000000000e+03
1.903000000000000000e+03
1.762000000000000000e+03
2.106000000000000000e+03
2.230000000000000000e+03
2.268000000000000000e+03
2.040000000000000000e+03
2.272000000000000000e+03
2.388000000000000000e+03
2.452000000000000000e+03
1.944000000000000000e+03
3.672000000000000000e+03
2.287000000000000000e+03
3.637000000000000000e+03
2.283000000000000000e+03
2.664000000000000000e+03
2.415000000000000000e+03
2.370000000000000000e+03
2.358000000000000000e+03
2.432000000000000000e+03
2.254000000000000000e+03
1.839000000000000000e+03
2.336000000000000000e+03
2.289000000000000000e+03
1.681000000000000000e+03
1.418000000000000000e+03
3.162000000000000000e+03
2.447000000000000000e+03
4.000000000000000000e+03
2.063000000000000000e+03
1.948000000000000000e+03
2.246000000000000000e+03
1.301000000000000000e+03
2.610000000000000000e+03
1.637000000000000000e+03
1.686000000000000000e+03
2.044000000000000000e+03
1.702000000000000000e+03
1.715000000000000000e+03
1.373000000000000000e+03
1.749000000000000000e+03
2.466000000000000000e+03
1.287000000000000000e+03
1.769000000000000000e+03
2.044000000000000000e+03
1.239000000000000000e+03
1.593000000000000000e+03
1.731000000000000000e+03
2.095000000000000000e+03
1.655000000000000000e+03
2.430000000000000000e+03
1.440000000000000000e+03
1.686000000000000000e+03
1.598000000000000000e+03
2.072000000000000000e+03
1.230000000000000000e+03
1.572000000000000000e+03
1.452000000000000000e+03
2.239000000000000000e+03
1.663000000000000000e+03
1.278000000000000000e+03
1.654000000000000000e+03
1.356000000000000000e+03
1.798000000000000000e+03
