nan
nan
7.419883418083190740e+00
5.041761470563484338e+00
4.013313353061676025e+00
4.143397216796874893e+00
9.781095113754272319e+00
1.190663018703460629e+01
1.252110967636108363e+01
1.068477750778198221e+01
8.673754897117614604e+00
7.451282219886779856e+00
5.959481351375579550e+00
5.168891689777374232e+00
6.255519151687622070e+00
6.948807759284973073e+00
5.974640545845031347e+00
4.516069629192352330e+00
4.193135020732879248e+00
4.358310081958770787e+00
4.242853329181671462e+00
3.946995533704757531e+00
3.092189292907714826e+00
2.979649621248245062e+00
3.172970516681671072e+00
2.900695987939834630e+00
3.137296701669693100e+00
2.708837949037552040e+00
2.130880496501922572e+00
2.272043550014495761e+00
2.083107472658157544e+00
1.734001112580299431e+00
1.622388948798179520e+00
1.616463455557823226e+00
1.741901084780693054e+00
2.002759472131729002e+00
2.091164247989654612e+00
2.118512259721756052e+00
1.953373888731002816e+00
1.838834327459335283e+00
1.572885466814041067e+00
1.372884025573730460e+00
1.106024366915225876e+00
1.033016037642955798e+00
8.829137942194938971e-01
9.038442105054855791e-01
9.790909814834595215e-01
1.095373502373695462e+00
1.204804124236106944e+00
1.294098206162452636e+00
1.317686097621917796e+00
1.261689242124557575e+00
9.557833716273307356e-01
7.504828542470931563e-01
7.397071927785873191e-01
8.141062983870506198e-01
8.887469875812530340e-01
9.325853449106216164e-01
9.099972149729729232e-01
7.975933083891868502e-01
8.250808635354042186e-01
8.900355696678161621e-01
8.180251219868659440e-01
5.829176980257034790e-01
6.384075513482093678e-01
7.528019529581070346e-01
7.317197531461715476e-01
5.557006791234015974e-01
6.369265767931938660e-01
9.932622987031937134e-01
1.267861974239349321e+00
1.114548557400703466e+00
8.847891741991043002e-01
7.340106630325317072e-01
5.425465354323386613e-01
4.802965199947357156e-01
7.068054071068763378e-01
8.875804230570792930e-01
9.222509145736694780e-01
1.046264246106147766e+00
1.191331888437271225e+00
1.218165186047553972e+00
1.152813746929168603e+00
9.589912420511246260e-01
7.737859773635864524e-01
6.083580774068831909e-01
5.222599905729293779e-01
6.652282828092574984e-01
8.156080442667007491e-01
9.713752490282058227e-01
9.186033761501312123e-01
6.335115641355514304e-01
5.914831435680389937e-01
7.887836501002312151e-01
9.283924156427383334e-01
8.090682321786880626e-01
7.398600026965140852e-01
5.836842265725136203e-01
5.942893242835998180e-01
5.495422729849814836e-01
5.449968880414962635e-01
4.815685455501079737e-01
4.475810888409614829e-01
5.181051248311996371e-01
8.173726844787597701e-01
7.928303638100624440e-01
7.551414978504180642e-01
9.956444203853607178e-01
1.049776491969823811e+00
6.593207220733166007e-01
4.365370459854602814e-01
3.261671587824821472e-01
2.853665790706872984e-01
2.759764426946639815e-01
3.006910024583339669e-01
2.598767165839672155e-01
2.352696173638105515e-01
2.219258021563291494e-01
3.007484927773475536e-01
3.654748249053955123e-01
3.376968852430581869e-01
2.474175729602575424e-01
2.316046632081270318e-01
2.821979933232068860e-01
4.071807777881622514e-01
8.262957987189293307e-01
1.223789073824882445e+00
1.090255203843116805e+00
6.777836301922798290e-01
5.067043824493885351e-01
3.775569951534271107e-01
2.471523535251617387e-01
2.173224978148937114e-01
2.153045070916414228e-01
2.875630246847867832e-01
2.867323314398527168e-01
2.808981727063655787e-01
1.908327813446521748e-01
2.326398850977420829e-01
2.263249799609184376e-01
1.664480031281709571e-01
1.851242859661579032e-01
2.374480309337377582e-01
3.449630048871040189e-01
3.453785689175128959e-01
2.322022132575511932e-01
3.090618960559368134e-01
4.684766691923141213e-01
4.390423930436372912e-01
1.556859736889600887e-01
1.541120497882366158e-01
1.462223725765943450e-01
9.528899652883410232e-02
1.594302476756274678e-01
2.261421515047550290e-01
2.161290320008993071e-01
2.416843836754560548e-01
2.246460654214024466e-01
1.223340664058923666e-01
7.366272382438182609e-02
8.859568553045392425e-02
1.058765951171517367e-01
1.848828866332769272e-01
1.629267863556742579e-01
1.280992956832051333e-01
1.881634433194994960e-01
1.696465417742729076e-01
1.546445723623037227e-01
1.616522399336099702e-01
2.288591704517602965e-01
2.402616167441010420e-01
1.833128479868173510e-01
9.885518897324800658e-02
7.296994090080261008e-02
1.654177893698215440e-01
2.474551970139145796e-01
3.090536063909530839e-01
2.746325752139091581e-01
2.578001260757446511e-01
2.270213741064071589e-01
1.930452419817447751e-01
1.736756668984890117e-01
1.590219174325466223e-01
1.461618440598249358e-01
1.555283196270465795e-01
1.952256086468696639e-01
2.690641494095325492e-01
2.925109075382351653e-01
2.164786019176244691e-01
1.320659234095364898e-01
8.532299966551364079e-02
9.972548776306211504e-02
1.061463977396488179e-01
8.716877248138189815e-02
1.070503592118620811e-01
1.153669311478734000e-01
1.249928744137287079e-01
1.323206262290477775e-01
1.332476778700947828e-01
1.492406082153320268e-01
