-1.491923618500609336e+04
-1.107005119541165186e+04
-1.133754197079509140e+04
-1.786485188816843583e+04
-1.794255051199633454e+04
-3.570437152150762995e+04
-3.075422881252078878e+04
-3.644517168654658599e+04
-2.542547618245653211e+04
-1.713927505991219368e+04
-2.799590843680541730e+04
-2.823738919075035301e+04
-2.210885504733241032e+04
-2.545722717113687395e+04
-2.427491710092081848e+04
-1.195649535599711817e+04
-1.944933903316703800e+04
-1.306586496151947722e+04
-2.266964262612966195e+04
-1.950796921117364764e+04
-1.463282621984835350e+04
-1.733309552504434032e+04
-1.428153143556538271e+04
-1.713069783063414434e+04
-1.124183100526289309e+04
-1.649748947411592235e+04
-1.577971516976868770e+04
-1.751592848737003806e+04
-1.348895713447474918e+04
-1.645276893577635565e+04
-1.088533956288226545e+04
-7.603739702527449481e+03
-6.232490092592662222e+03
-1.096992815928826531e+04
-6.494865873069529698e+03
-1.410999427005008874e+04
-2.232410129570586287e+04
-7.809958579038438074e+03
-8.654702185213916891e+03
-8.848021917378362559e+03
-1.009664960858559425e+04
-1.003222666682572367e+03
-8.192319307762609242e+03
-1.552408430286979637e+03
-3.665761098459699951e+03
-5.025758783047932411e+03
-7.418563537118703834e+02
-7.446405600081083321e+03
-1.298992059964516920e+04
-3.717995612002808912e+02
-4.353444768718442901e+03
1.301714871328151048e+03
-5.583449879449397486e+03
-1.690110708857287364e+03
-1.040559828810254885e+03
-3.827004946494957949e+02
-7.969505188408883441e+03
-9.402677582644948416e+03
-6.072811853048965531e+03
-1.035383950904675476e+04
-3.346515112911103643e+03
-2.647589931197803708e+02
-8.393757463538880984e+03
-5.348811039001625431e+03
-3.403497546054891700e+03
-1.213403281437480837e+04
-3.649717610549293568e+03
-1.239359145798861027e+04
-1.544102283902503223e+04
-8.257341487809990213e+03
-1.082221014320056383e+04
5.074944460948480582e+02
-3.855940342326162408e+03
-1.069184077333500227e+03
-7.634207126491844974e+03
-4.378351974621824411e+03
-1.654013260791263383e+04
-5.896392373762468196e+03
-7.154269222273717787e+03
-1.900392930420518314e+04
-7.989497759400035648e+03
-8.407075106233696715e+03
-1.232409113255850343e+03
-2.117070623848244395e+03
-4.539832093351180447e+03
-9.834840357878647410e+03
-4.525451493811621731e+03
-3.294759238344510095e+02
-2.529609167111126226e+03
-4.037521776220378911e+02
9.769820350043062263e+02
-1.333427402062664078e+04
-7.109948337083681508e+03
-1.057506995845841811e+04
-7.480682534999484233e+03
-2.008273761738570465e+04
-1.205240775152912192e+03
-9.398665463469076712e+03
-6.165151799033015777e+03
6.908137006981066008e+01
-1.190456766048380086e+04
-3.867950754947833957e+03
-7.592495961006156904e+03
-9.875725758295933701e+03
-2.149070760981598141e+04
-1.191920588416841019e+04
-3.442753946460819861e+04
-7.620951714396668422e+02
8.403821454726305547e+02
-9.416646062724519652e+03
-4.837763061778226074e+03
-3.654193609331232437e+03
-8.237751204633750604e+03
-9.172893693015734243e+03
-9.747130051726811871e+03
-4.284966642380734811e+03
-1.618269977903215477e+04
-8.626453028859441474e+03
-5.792506926849238880e+03
-3.056471292216097936e+03
-6.328282827903280122e+03
-4.327284402581476570e+03
-7.207126878985643089e+03
-2.137184381550643593e+04
-1.353832584851442698e+04
-2.082821102314703967e+04
-1.602301783818498916e+04
-8.613853239865780779e+03
-1.701720435751490731e+04
-4.291285620081642264e+03
-6.586696775815475121e+03
-1.147575587767099933e+04
-1.032688217156651808e+04
-1.205482070945500891e+04
-1.568765975254067962e+04
-8.908012370950083323e+02
-1.552341167047783756e+03
-6.184826113943893688e+03
-5.389458398046751427e+03
-1.004717972262822695e+04
-1.141417708517961728e+04
-1.164246463991993005e+04
-1.127209968630594085e+04
-1.561968183501464591e+04
-1.112757220055466860e+04
-1.923721794147522814e+04
-1.208544622560491916e+04
-1.969942713013544198e+04
-4.821918782090209788e+03
-1.463738839027551330e+04
-1.059664401220204127e+04
-1.147978995997076163e+04
-7.758856323500390317e+03
-1.001808005568306908e+04
-7.752797791343013159e+03
-1.630835856359896025e+04
-8.159633326491723892e+03
-5.107574583208953300e+03
-1.071566176456094763e+04
-9.615046706232700672e+03
-4.666051967169091768e+03
-6.498438749086797543e+03
-1.361519878966615215e+04
-1.242688565541326716e+04
-1.524752127765031400e+04
-8.672302677676538224e+03
-8.668812326420778845e+03
-1.697408583350996560e+04
-9.360546851655147975e+02
-1.286913617776610408e+04
-2.507825531597866302e+03
-1.039525934583429034e+02
-1.002982314515391590e+04
-2.442199225003696483e+03
-1.813115211456116594e+04
-1.578823906910352207e+03
-1.025464100814657468e+04
-1.332000059444810540e+04
-4.093377473510647633e+02
-3.042216659326201807e+03
-1.409295056708391530e+04
3.496384397665436694e+01
-1.512821636493727055e+03
-7.735003210793120161e+03
-6.757147742496886167e+03
-7.487114188451776499e+03
-1.057432867067246298e+04
-1.284280799054859472e+03
-2.551203680805653676e+03
-2.758524795075251404e+03
-1.144928544337227686e+04
2.308214292316808042e+03
-4.104426588364718214e+02
-1.116287671376221169e+03
-7.370766598788322881e+03
-3.132326045637786137e+03
-1.777725718456135837e+03
-2.528594046107786653e+03
-3.514115069238956949e+03
-4.338181329716258006e+03
