6.486000000000000000e+03
5.964000000000000000e+03
5.825000000000000000e+03
7.455000000000000000e+03
5.774000000000000000e+03
2.887000000000000000e+03
5.117000000000000000e+03
3.127000000000000000e+03
2.955000000000000000e+03
2.958000000000000000e+03
3.111000000000000000e+03
3.467000000000000000e+03
2.928000000000000000e+03
3.160000000000000000e+03
3.786000000000000000e+03
3.941000000000000000e+03
3.282000000000000000e+03
2.460000000000000000e+03
2.549000000000000000e+03
2.831000000000000000e+03
3.484000000000000000e+03
3.805000000000000000e+03
3.236000000000000000e+03
2.937000000000000000e+03
2.607000000000000000e+03
3.451000000000000000e+03
2.860000000000000000e+03
2.927000000000000000e+03
2.154000000000000000e+03
1.953000000000000000e+03
3.060000000000000000e+03
3.052000000000000000e+03
2.876000000000000000e+03
2.980000000000000000e+03
3.038000000000000000e+03
2.447000000000000000e+03
2.172000000000000000e+03
2.702000000000000000e+03
2.414000000000000000e+03
2.155000000000000000e+03
2.379000000000000000e+03
2.546000000000000000e+03
2.352000000000000000e+03
2.312000000000000000e+03
2.294000000000000000e+03
1.668000000000000000e+03
1.761000000000000000e+03
2.205000000000000000e+03
2.079000000000000000e+03
1.467000000000000000e+03
1.668000000000000000e+03
1.572000000000000000e+03
1.966000000000000000e+03
1.602000000000000000e+03
1.642000000000000000e+03
1.468000000000000000e+03
1.665000000000000000e+03
1.397000000000000000e+03
1.584000000000000000e+03
1.283000000000000000e+03
1.139000000000000000e+03
1.253000000000000000e+03
9.800000000000000000e+02
1.252000000000000000e+03
1.282000000000000000e+03
9.820000000000000000e+02
1.002000000000000000e+03
9.800000000000000000e+02
8.760000000000000000e+02
8.760000000000000000e+02
1.024000000000000000e+03
7.500000000000000000e+02
7.140000000000000000e+02
4.710000000000000000e+02
4.990000000000000000e+02
4.660000000000000000e+02
5.710000000000000000e+02
6.060000000000000000e+02
6.020000000000000000e+02
7.250000000000000000e+02
6.020000000000000000e+02
6.480000000000000000e+02
6.320000000000000000e+02
4.360000000000000000e+02
5.510000000000000000e+02
5.170000000000000000e+02
5.720000000000000000e+02
5.270000000000000000e+02
6.080000000000000000e+02
6.610000000000000000e+02
7.240000000000000000e+02
5.420000000000000000e+02
4.560000000000000000e+02
3.320000000000000000e+02
2.980000000000000000e+02
5.090000000000000000e+02
3.540000000000000000e+02
3.820000000000000000e+02
3.020000000000000000e+02
2.740000000000000000e+02
2.850000000000000000e+02
5.060000000000000000e+02
3.960000000000000000e+02
4.800000000000000000e+02
6.270000000000000000e+02
4.770000000000000000e+02
5.230000000000000000e+02
7.010000000000000000e+02
5.650000000000000000e+02
6.560000000000000000e+02
5.950000000000000000e+02
5.330000000000000000e+02
6.510000000000000000e+02
6.330000000000000000e+02
6.980000000000000000e+02
4.630000000000000000e+02
5.280000000000000000e+02
6.070000000000000000e+02
5.250000000000000000e+02
4.710000000000000000e+02
5.010000000000000000e+02
6.050000000000000000e+02
4.670000000000000000e+02
4.650000000000000000e+02
7.650000000000000000e+02
5.930000000000000000e+02
4.680000000000000000e+02
5.670000000000000000e+02
5.750000000000000000e+02
6.060000000000000000e+02
7.030000000000000000e+02
5.990000000000000000e+02
5.800000000000000000e+02
5.250000000000000000e+02
3.620000000000000000e+02
3.200000000000000000e+02
3.590000000000000000e+02
2.590000000000000000e+02
2.860000000000000000e+02
3.010000000000000000e+02
6.040000000000000000e+02
2.820000000000000000e+02
2.950000000000000000e+02
2.490000000000000000e+02
2.820000000000000000e+02
4.350000000000000000e+02
3.620000000000000000e+02
5.040000000000000000e+02
3.020000000000000000e+02
2.190000000000000000e+02
2.580000000000000000e+02
4.450000000000000000e+02
3.350000000000000000e+02
5.430000000000000000e+02
6.070000000000000000e+02
7.090000000000000000e+02
4.680000000000000000e+02
6.280000000000000000e+02
2.920000000000000000e+02
4.400000000000000000e+02
4.860000000000000000e+02
4.830000000000000000e+02
7.080000000000000000e+02
4.140000000000000000e+02
5.050000000000000000e+02
4.910000000000000000e+02
6.470000000000000000e+02
5.860000000000000000e+02
6.420000000000000000e+02
5.040000000000000000e+02
5.910000000000000000e+02
4.230000000000000000e+02
4.810000000000000000e+02
5.010000000000000000e+02
5.290000000000000000e+02
4.750000000000000000e+02
5.820000000000000000e+02
5.230000000000000000e+02
5.150000000000000000e+02
4.690000000000000000e+02
4.080000000000000000e+02
5.920000000000000000e+02
5.650000000000000000e+02
4.790000000000000000e+02
9.350000000000000000e+02
4.480000000000000000e+02
3.420000000000000000e+02
3.780000000000000000e+02
4.940000000000000000e+02
3.760000000000000000e+02
3.890000000000000000e+02
5.330000000000000000e+02
5.350000000000000000e+02
4.400000000000000000e+02
2.860000000000000000e+02
4.140000000000000000e+02
2.550000000000000000e+02
3.200000000000000000e+02
2.680000000000000000e+02
3.920000000000000000e+02
6.510000000000000000e+02
4.110000000000000000e+02
5.300000000000000000e+02
7.080000000000000000e+02
5.100000000000000000e+02
5.500000000000000000e+02
6.300000000000000000e+02
6.090000000000000000e+02
5.130000000000000000e+02
5.930000000000000000e+02
7.510000000000000000e+02
5.970000000000000000e+02
3.490000000000000000e+02
4.790000000000000000e+02
5.640000000000000000e+02
3.320000000000000000e+02
2.290000000000000000e+02
3.640000000000000000e+02
4.440000000000000000e+02
5.470000000000000000e+02
4.750000000000000000e+02
4.300000000000000000e+02
2.270000000000000000e+02
2.310000000000000000e+02
2.650000000000000000e+02
3.930000000000000000e+02
3.720000000000000000e+02
4.820000000000000000e+02
3.770000000000000000e+02
2.660000000000000000e+02
2.660000000000000000e+02
2.260000000000000000e+02
3.950000000000000000e+02
2.030000000000000000e+02
2.590000000000000000e+02
2.160000000000000000e+02
2.930000000000000000e+02
3.890000000000000000e+02
5.070000000000000000e+02
4.290000000000000000e+02
2.970000000000000000e+02
6.540000000000000000e+02
2.750000000000000000e+02
2.500000000000000000e+02
2.060000000000000000e+02
2.430000000000000000e+02
3.480000000000000000e+02
3.340000000000000000e+02
2.500000000000000000e+02
3.670000000000000000e+02
4.610000000000000000e+02
3.150000000000000000e+02
2.250000000000000000e+02
2.650000000000000000e+02
3.030000000000000000e+02
2.230000000000000000e+02
3.230000000000000000e+02
4.350000000000000000e+02
6.260000000000000000e+02
3.200000000000000000e+02
7.590000000000000000e+02
3.920000000000000000e+02
4.460000000000000000e+02
3.460000000000000000e+02
2.820000000000000000e+02
2.300000000000000000e+02
2.810000000000000000e+02
2.670000000000000000e+02
2.090000000000000000e+02
1.570000000000000000e+02
2.640000000000000000e+02
2.320000000000000000e+02
2.900000000000000000e+02
2.440000000000000000e+02
2.590000000000000000e+02
2.550000000000000000e+02
2.730000000000000000e+02
2.410000000000000000e+02
2.280000000000000000e+02
1.870000000000000000e+02
2.180000000000000000e+02
2.130000000000000000e+02
1.640000000000000000e+02
2.850000000000000000e+02
2.610000000000000000e+02
2.670000000000000000e+02
2.070000000000000000e+02
3.470000000000000000e+02
2.960000000000000000e+02
2.800000000000000000e+02
2.910000000000000000e+02
3.870000000000000000e+02
3.060000000000000000e+02
4.400000000000000000e+02
4.540000000000000000e+02
2.520000000000000000e+02
3.140000000000000000e+02
2.350000000000000000e+02
3.430000000000000000e+02
4.270000000000000000e+02
