nan
nan
2.454838901758193970e-02
3.295961767435073853e-02
6.809967011213302612e-02
5.226093530654907227e-02
2.337540388107299805e-01
1.352086812257766724e-01
7.953029870986938477e-02
6.637021154165267944e-02
7.974591106176376343e-02
1.430551707744598389e-01
1.175171136856079102e-01
9.268551319837570190e-02
1.168640255928039551e-01
1.637244075536727905e-01
1.808377951383590698e-01
1.789269298315048218e-01
1.375026851892471313e-01
1.103779971599578857e-01
1.238525733351707458e-01
1.790799498558044434e-01
1.549749523401260376e-01
1.789124608039855957e-01
1.506382375955581665e-01
1.811296641826629639e-01
1.936478912830352783e-01
1.857871264219284058e-01
1.758210808038711548e-01
1.436920613050460815e-01
1.530769020318984985e-01
1.821342259645462036e-01
1.724629253149032593e-01
1.747498810291290283e-01
2.030822336673736572e-01
1.908046454191207886e-01
1.817321032285690308e-01
1.847173720598220825e-01
1.778830438852310181e-01
1.623427122831344604e-01
1.818449199199676514e-01
1.870208978652954102e-01
2.042670994997024536e-01
1.941789686679840088e-01
2.143417447805404663e-01
1.725147664546966553e-01
1.643682718276977539e-01
2.032939642667770386e-01
2.005123347043991089e-01
1.698807775974273682e-01
1.724141091108322144e-01
2.224772721529006958e-01
1.961819529533386230e-01
2.182656377553939819e-01
1.989200562238693237e-01
2.043247669935226440e-01
2.010982483625411987e-01
1.984279006719589233e-01
2.371092736721038818e-01
2.245246767997741699e-01
1.938788294792175293e-01
1.916553676128387451e-01
1.984104216098785400e-01
2.273053675889968872e-01
1.989578753709793091e-01
1.894363611936569214e-01
1.802565902471542358e-01
2.292723208665847778e-01
1.995581984519958496e-01
1.989320069551467896e-01
1.854417771100997925e-01
1.957488805055618286e-01
2.027544081211090088e-01
1.843563616275787354e-01
2.159256786108016968e-01
2.250664532184600830e-01
1.993961334228515625e-01
2.443050891160964966e-01
2.597455978393554688e-01
2.458117008209228516e-01
2.435498088598251343e-01
2.354501634836196899e-01
2.458745986223220825e-01
2.276688218116760254e-01
2.655622065067291260e-01
3.150055110454559326e-01
2.486584037542343140e-01
2.388028204441070557e-01
2.293191403150558472e-01
2.449232041835784912e-01
2.747285962104797363e-01
2.559823095798492432e-01
2.064346075057983398e-01
1.528329700231552124e-01
1.845215708017349243e-01
2.345098108053207397e-01
2.150672972202301025e-01
1.708644330501556396e-01
1.707456409931182861e-01
1.654962003231048584e-01
1.579244434833526611e-01
1.941870152950286865e-01
2.223729938268661499e-01
1.874137073755264282e-01
2.050141692161560059e-01
2.782309651374816895e-01
2.330859154462814331e-01
2.728866934776306152e-01
2.670297324657440186e-01
2.955902814865112305e-01
1.975076794624328613e-01
2.505853176116943359e-01
2.485397458076477051e-01
2.226988375186920166e-01
2.123414725065231323e-01
2.738041877746582031e-01
2.359409779310226440e-01
2.355103194713592529e-01
2.356451153755187988e-01
2.545949220657348633e-01
2.446702420711517334e-01
1.841606348752975464e-01
2.284875363111495972e-01
2.560091614723205566e-01
2.315399497747421265e-01
2.364501059055328369e-01
2.393312007188796997e-01
2.054813206195831299e-01
1.918820142745971680e-01
2.228518724441528320e-01
2.348538041114807129e-01
1.463758945465087891e-01
2.293746620416641235e-01
2.681054770946502686e-01
2.572591304779052734e-01
2.136525362730026245e-01
1.772606074810028076e-01
1.790228784084320068e-01
1.703914999961853027e-01
2.154658734798431396e-01
2.391623854637145996e-01
2.041154205799102783e-01
1.898013949394226074e-01
1.864201128482818604e-01
1.612915545701980591e-01
2.148830294609069824e-01
1.936450898647308350e-01
1.963376253843307495e-01
2.077595591545104980e-01
2.055001556873321533e-01
1.732164323329925537e-01
1.760036796331405640e-01
2.102344483137130737e-01
2.589173316955566406e-01
2.137339264154434204e-01
2.511885166168212891e-01
2.621996700763702393e-01
2.313871085643768311e-01
2.073457390069961548e-01
1.987535804510116577e-01
2.138777971267700195e-01
2.165299654006958008e-01
1.898837536573410034e-01
1.880816221237182617e-01
2.036204785108566284e-01
2.159660160541534424e-01
2.473777383565902710e-01
2.225203961133956909e-01
2.823997437953948975e-01
3.003404438495635986e-01
2.878663539886474609e-01
2.654202580451965332e-01
2.452816069126129150e-01
2.420756071805953979e-01
2.261129170656204224e-01
2.122831493616104126e-01
2.016854137182235718e-01
2.013555318117141724e-01
2.735249102115631104e-01
2.652291357517242432e-01
2.118346393108367920e-01
1.839293241500854492e-01
2.076008915901184082e-01
2.316530793905258179e-01
3.244518339633941650e-01
2.948107421398162842e-01
2.558878064155578613e-01
2.257153093814849854e-01
2.632514834403991699e-01
1.364017426967620850e-01
2.175252288579940796e-01
2.253887951374053955e-01
2.557783126831054688e-01
2.139729708433151245e-01
1.637877225875854492e-01
2.085772603750228882e-01
2.129420638084411621e-01
1.713925153017044067e-01
1.728411167860031128e-01
1.486954987049102783e-01
2.208001315593719482e-01
2.058981657028198242e-01
2.255898118019104004e-01
2.544322311878204346e-01
2.254688292741775513e-01
2.390910983085632324e-01
2.880277335643768311e-01
2.596926689147949219e-01
2.542690634727478027e-01
2.366422265768051147e-01
2.196512967348098755e-01
3.794888257980346680e-01
2.381703257560729980e-01
2.458380609750747681e-01
2.414262145757675171e-01
2.495110630989074707e-01
1.850256770849227905e-01
1.201833933591842651e-01
1.668262928724288940e-01
9.947943687438964844e-02
1.601844578981399536e-01
1.136716902256011963e-01
1.314015984535217285e-01
1.406185775995254517e-01
1.265634000301361084e-01
1.339024156332015991e-01
1.963800787925720215e-01
2.560517191886901855e-01
1.927640140056610107e-01
2.148552089929580688e-01
2.017254233360290527e-01
1.692111790180206299e-01
1.776667982339859009e-01
1.601336747407913208e-01
1.843696832656860352e-01
1.463781297206878662e-01
1.521275937557220459e-01
1.716004759073257446e-01
2.275443822145462036e-01
2.548993527889251709e-01
2.321857661008834839e-01
2.194624096155166626e-01
1.929040402173995972e-01
1.976268589496612549e-01
1.356722116470336914e-01
1.368965655565261841e-01
1.341354995965957642e-01
1.144886612892150879e-01
1.045372113585472107e-01
1.420072168111801147e-01
1.017700433731079102e-01
1.105445548892021179e-01
1.233649104833602905e-01
1.019128561019897461e-01
9.219511598348617554e-02
1.029528602957725525e-01
1.241976469755172729e-01
1.117950752377510071e-01
1.526038199663162231e-01
1.547399610280990601e-01
2.257524430751800537e-01
1.561333239078521729e-01
1.885608583688735962e-01
1.940812021493911743e-01
1.740586608648300171e-01
1.496025770902633667e-01
1.137978732585906982e-01
1.260942518711090088e-01
1.304375827312469482e-01
1.127327680587768555e-01
1.037652045488357544e-01
1.183777302503585815e-01
1.309828311204910278e-01
1.404358744621276855e-01
1.258411556482315063e-01
9.084403514862060547e-02
1.050375252962112427e-01
1.086360737681388855e-01
9.335988014936447144e-02
8.555413782596588135e-02
8.359834551811218262e-02
9.722971916198730469e-02
8.301275223493576050e-02
7.945372909307479858e-02
8.945113420486450195e-02
1.118418574333190918e-01
9.611932188272476196e-02
1.219286620616912842e-01
1.347094029188156128e-01
1.125773265957832336e-01
1.146793067455291748e-01
1.159232109785079956e-01
1.347706913948059082e-01
1.203203573822975159e-01
1.158186420798301697e-01
1.282431483268737793e-01
1.224760189652442932e-01
1.066816002130508423e-01
8.815576136112213135e-02
1.391072869300842285e-01
