2.248733376055295885e+00
2.668956314745868141e+00
2.686729694884574915e+00
1.993602587070550936e+00
2.122036290214025289e+00
2.229146984528902031e+00
2.025774441584598407e+00
2.785108544221285509e+00
2.686871691350988023e+00
2.960928640543649237e+00
2.983844146764486727e+00
2.553562327945934740e+00
2.849669666748797070e+00
2.783248995461740982e+00
2.432601034357662062e+00
2.252772481817247652e+00
2.490705305330634278e+00
3.091005907383445273e+00
2.897267820613853573e+00
2.726164808311135612e+00
2.231848970114130637e+00
2.179156483010020739e+00
2.397961556661309501e+00
2.705526958336220034e+00
2.833386521657538015e+00
2.313887342725081453e+00
2.431856546684650233e+00
2.418491124499419165e+00
3.134978938793690162e+00
3.348810124604010063e+00
2.346946410089022272e+00
2.211055602798552844e+00
2.125741177053300568e+00
2.155546708186747207e+00
2.077048040722507150e+00
2.389805227237026930e+00
2.686974611447638495e+00
2.257110847816038657e+00
2.245966155714365087e+00
2.511911654119746817e+00
2.240122932676591905e+00
2.224441469113648484e+00
2.175315727823467160e+00
2.163815210436419445e+00
2.235371346975953966e+00
2.621756827441923843e+00
2.678332544731810483e+00
2.169000683712196675e+00
2.117875723441330571e+00
2.764780149601226977e+00
2.605467380489925322e+00
2.549026303830733475e+00
2.024480740070274454e+00
2.442544389285273621e+00
2.303129974567464711e+00
2.545863729950669452e+00
2.152781412238708558e+00
2.286471941346451597e+00
1.909862640658264832e+00
2.221719585703161748e+00
2.526825637076372200e+00
2.242466698452519225e+00
2.464196694749215322e+00
2.093651225468130317e+00
2.227513213438119699e+00
2.443508295141495701e+00
2.183078483625719546e+00
2.065324638156482262e+00
2.187560677477134785e+00
2.024315788412855088e+00
1.428283570802680424e+00
1.846412466494936844e+00
1.970310352563927392e+00
2.334470062140222346e+00
2.349864604838238336e+00
2.129207287829581574e+00
1.985496666343229855e+00
1.790828406528900185e+00
2.029360446819749253e+00
1.760053184989035735e+00
1.845905848463651910e+00
1.652042675534277638e+00
1.762788363480542353e+00
2.274534538032859654e+00
1.990864533948482062e+00
1.911248363487722646e+00
1.773652704644964384e+00
2.038379977090472472e+00
1.717248030513753410e+00
1.856813134019759559e+00
1.598299855696712291e+00
1.885657519430309792e+00
2.073890850377430706e+00
2.690908804559707157e+00
3.266348836572702918e+00
2.031218265646451471e+00
2.762242669685098129e+00
3.061371477747829140e+00
3.859244689363979131e+00
3.696844421343341569e+00
3.642915467009379960e+00
2.304123767647579868e+00
2.751468454747425074e+00
2.272490917442549385e+00
1.730578192050151953e+00
2.082332611489761121e+00
2.105292151466823913e+00
1.622053850036876632e+00
1.844502698534548291e+00
1.721820809214349435e+00
1.700339975730206898e+00
1.868543160478691068e+00
1.629108821026524989e+00
1.621595696380736751e+00
1.611254166392733556e+00
2.239998565216837711e+00
2.294086883635428453e+00
1.804290025597757641e+00
2.252204488281177142e+00
2.268453788668403526e+00
1.867402907141254342e+00
1.383047604540841302e+00
2.442238278572387511e+00
2.150643808510127819e+00
1.382248110842452693e+00
1.762850298540713290e+00
1.970541392042063800e+00
1.730751227201161591e+00
1.573702687639778830e+00
1.980188829843879006e+00
1.750510123289108488e+00
1.441671200583631185e+00
1.861247528589344835e+00
2.044638605321873026e+00
2.792612513010443553e+00
3.289613525354613266e+00
2.721839126691208754e+00
3.967426177979159529e+00
3.614110437811751897e+00
3.643463411006671926e+00
2.001199252633918402e+00
3.630995120326558023e+00
3.891977559375160212e+00
4.070121718567283331e+00
3.072811516229668527e+00
2.163902193427463594e+00
2.975703336782493214e+00
2.188192483114184572e+00
3.801535289747242530e+00
4.720180395692097797e+00
3.758852472800828348e+00
2.501230303517234965e+00
2.855660338094437645e+00
1.993452679353098445e+00
1.749809132471333628e+00
1.729637193887256785e+00
2.308851307861290003e+00
1.564800752139656304e+00
2.967762983125103116e+00
2.580462844394078914e+00
2.088841014064966917e+00
2.046628256050893491e+00
1.595934081842018681e+00
2.353420429523776392e+00
1.918828852907098703e+00
2.294827175480253167e+00
1.690113664230720403e+00
1.765419113641880866e+00
1.791260688118115674e+00
2.147290593944222614e+00
1.959786011575860520e+00
2.385453091483776600e+00
2.161681738970645750e+00
2.117705164458556499e+00
1.908841232311029534e+00
1.845038423323553722e+00
1.701212495741584174e+00
2.219829702455626830e+00
2.114308403926851820e+00
2.531865621894215046e+00
2.838416233748202178e+00
1.697577738725255747e+00
1.799329143446900092e+00
1.957161158523626376e+00
1.410093907305067118e+00
2.660540984454287550e+00
2.924235452535695057e+00
2.683262038013046080e+00
2.239188744060433223e+00
2.025580527813382936e+00
2.596821995894393886e+00
1.988104977439728138e+00
1.733188201668911743e+00
2.096072298608270934e+00
3.356159526748073052e+00
2.566732994573488025e+00
3.151880838717323385e+00
2.636702575955374606e+00
3.487780843459779234e+00
2.459089811792957381e+00
1.701287480139552333e+00
2.142230704572595457e+00
1.738260748145256551e+00
1.578464644603030598e+00
1.743364865717907941e+00
1.718066759440796565e+00
1.853451910091563404e+00
1.868600126333898936e+00
2.122587715687872301e+00
1.501207582033393440e+00
1.366054805947548578e+00
1.819536456527044876e+00
2.309380307119070608e+00
2.413702467022805997e+00
1.932298052365343688e+00
2.426471709240789476e+00
4.141283775135751632e+00
2.153494021467904584e+00
1.914934201725227991e+00
1.242563858865692872e+00
2.130177558911279245e+00
1.447658404778264796e+00
4.280410514334192840e+00
3.986162019080977448e+00
3.827209023008991906e+00
2.125912765801891702e+00
2.717490296611882794e+00
2.524027279235018906e+00
2.572253408953157905e+00
3.681757361288330088e+00
3.834943519106489340e+00
4.453323298454098023e+00
3.089010638635041772e+00
4.686579242869687967e+00
3.606878064283687291e+00
4.775705577788199818e+00
3.218793111851919075e+00
2.603687511314075831e+00
2.003017470564755875e+00
2.414936380044869324e+00
3.748431714396564196e+00
1.733294044654747790e+00
3.812136393478235963e+00
3.967518623536333333e+00
4.538916074205725515e+00
3.398965458792950312e+00
2.045842041819596613e+00
2.847257023995808822e+00
3.501325350740608133e+00
2.884805036841097792e+00
1.709067015265110623e+00
2.621313454409856636e+00
3.900436690265938200e+00
3.349896858303061720e+00
2.732119877386382178e+00
4.247294595989741239e+00
3.368216242127684001e+00
1.746147376802969386e+00
1.892812188734788847e+00
2.664032176909527649e+00
1.291201657630513200e+00
2.779916736832374724e+00
2.587355777647376787e+00
3.074729141785940811e+00
4.016599648651920873e+00
4.019619320172619581e+00
3.913134760149176827e+00
3.313170995434669308e+00
5.125261503813009156e+00
5.706537298553787885e+00
3.451178656769085862e+00
4.472142466249169779e+00
3.702220144739388541e+00
3.864472517478627633e+00
3.767804756797670684e+00
4.583844599864442593e+00
3.498727479361471993e+00
4.795448852000384399e+00
4.462359256874949942e+00
4.500888214121992803e+00
4.673367294070627231e+00
4.623584677397737153e+00
5.902674438207575314e+00
3.966748417244743141e+00
3.807366679491391626e+00
3.685478535552214829e+00
3.777023079481662826e+00
3.166193794207203815e+00
3.350072640679957914e+00
3.310920595221878759e+00
3.269707569379013634e+00
2.991612820332278044e+00
2.973382104010307003e+00
1.972783828140529883e+00
2.401459109957884142e+00
3.713734171302328857e+00
2.830075031118167939e+00
4.025094047322595792e+00
3.031140028231307681e+00
2.302153926441485865e+00
