2.944453871713643821e+03
2.823653217274001690e+03
2.903672046431642229e+03
2.977870220603841972e+03
2.567989715961961338e+03
1.166096215329503366e+03
2.252360377093671559e+03
1.969781929351802546e+03
1.966101922851257314e+03
1.914931249623947679e+03
2.069346349032561193e+03
2.101348913644066215e+03
2.037816738421396849e+03
2.004724606745955498e+03
2.188461276730467489e+03
2.244753864659184728e+03
2.176527084585212833e+03
2.066465171790979184e+03
2.074073107829111450e+03
2.036454467660989167e+03
2.207202080302659851e+03
2.359240144919883733e+03
2.245407469027401930e+03
2.219310384114940462e+03
2.061842705192081667e+03
2.292181345788495946e+03
2.140609185654691373e+03
2.253385140040293663e+03
2.158821609168478972e+03
1.949176964396723861e+03
2.207558206714843891e+03
2.415581515569484964e+03
2.418894890185512850e+03
2.494464991319954152e+03
2.583936105837509331e+03
2.427432731210819838e+03
2.353675543372241918e+03
2.565483232382257938e+03
2.342904017914844189e+03
2.321872380514240376e+03
2.643785343763343462e+03
2.549986712226611871e+03
2.629150314611821159e+03
2.429729074316760489e+03
2.550901160406015606e+03
2.098985545702425497e+03
2.254576028641259654e+03
2.464467098418525438e+03
2.351987828330302818e+03
2.221112432708107008e+03
2.395777634916487386e+03
2.441631485692319075e+03
2.938760319348469693e+03
2.438010735518878846e+03
2.419882409828227082e+03
2.368254370007220587e+03
2.556614467791634979e+03
2.467732818368681819e+03
3.158672939222487003e+03
2.403049534056984612e+03
2.297415461698421041e+03
2.671011376891136479e+03
2.522692392712665423e+03
2.904604942284355275e+03
2.402363664091170904e+03
2.216533053886679227e+03
2.512929388857009144e+03
2.506556750097291115e+03
2.434366626131458361e+03
2.657745173662164689e+03
3.125996783290914209e+03
2.840386130289633456e+03
2.671008842850967540e+03
2.542871266557555828e+03
2.643355027370324933e+03
2.760197626740159649e+03
2.854727243902555529e+03
2.993803390195982502e+03
2.982454679395299991e+03
2.988408815586277797e+03
2.808788402814702749e+03
3.042203242252840482e+03
2.683906190909051020e+03
3.056915098110284816e+03
3.394033399996465505e+03
3.002426151957625279e+03
3.242434744011128714e+03
2.719522897244859450e+03
2.936904902705784025e+03
3.172697297792612517e+03
3.597136227775922634e+03
2.913274643354097861e+03
2.652511448007207491e+03
2.338687050263506535e+03
2.541367800217076365e+03
2.545423067074448227e+03
2.684957869898250920e+03
2.760905884418158621e+03
2.875415325055479570e+03
2.895851217388943041e+03
2.633911315911999282e+03
2.886849780727672169e+03
2.567122653073816764e+03
2.669286192108912019e+03
3.088840622023622018e+03
2.630948079978933492e+03
2.887823304174369696e+03
3.556061254008235210e+03
3.125772682600801545e+03
3.026220230799091496e+03
3.349659155928890868e+03
2.824589563204237038e+03
2.967970141963477545e+03
3.070916523353063894e+03
4.159492606627271925e+03
2.519787794839591243e+03
2.792334323772860444e+03
2.684209054046211804e+03
2.659047763865985416e+03
3.081428283968975848e+03
2.986019952031062530e+03
3.224906640441485251e+03
2.886080765638998400e+03
2.946085608181727821e+03
4.192346885423773529e+03
3.001778669595056726e+03
2.765192839503447885e+03
2.659871345594095146e+03
2.759633511916278167e+03
3.017380440964147056e+03
2.848190974576764802e+03
2.762821201263756848e+03
3.317722207633289599e+03
2.665703203275495980e+03
2.512959719657649202e+03
2.536528441922045204e+03
2.913370045013854451e+03
2.902963126901135638e+03
2.789814133715721709e+03
2.679174409420047596e+03
2.600470604334060226e+03
2.541811366208694835e+03
2.725437481436876169e+03
2.700288776535453508e+03
2.592714145593912235e+03
2.802483779357341518e+03
2.414281738490687530e+03
2.886454734456052392e+03
2.560584451148225526e+03
2.517565811951279102e+03
2.620559516646769680e+03
2.565717599994150987e+03
2.351799893698183496e+03
2.736566871241038825e+03
3.179069610514704891e+03
3.315451526429533260e+03
2.394584130144599840e+03
2.555692803824479597e+03
2.614452672589030044e+03
2.830425171414042325e+03
2.582051471241831678e+03
2.616524655015452936e+03
3.331702988983005071e+03
2.277433897156946387e+03
2.401848742704871711e+03
2.406575484787537334e+03
3.108283746205839179e+03
3.129956090007951389e+03
3.110554169250277482e+03
3.162981993075403807e+03
3.165565549995244055e+03
2.614768221009698209e+03
2.605604375822516431e+03
2.711573055800996826e+03
3.619095320090178120e+03
2.959081242261179341e+03
2.732305303021462350e+03
2.656549880976625900e+03
2.867108508883315153e+03
2.650076915835262298e+03
2.149994800206622585e+03
2.331025769800141461e+03
3.132750593503760683e+03
2.557443285206519249e+03
2.732685038497101232e+03
2.737883342053499291e+03
3.423443518122441674e+03
2.859529630027465828e+03
3.469727095347236627e+03
3.007398975688251539e+03
3.192520599959217179e+03
2.796239762031538703e+03
2.789804794492592009e+03
2.714118146873601290e+03
2.494445929913895725e+03
2.515476699662961892e+03
2.606073963093278508e+03
2.694347018539187957e+03
2.530306950166845127e+03
2.218716139880123592e+03
3.271819138712409767e+03
2.840145610467748156e+03
2.958595870313127762e+03
3.463677583476785912e+03
2.950907489471529061e+03
3.013025858788156256e+03
3.992619063064235434e+03
2.391257067805770475e+03
2.145443856730327752e+03
3.576958139997459966e+03
4.071964315047121545e+03
4.160240487916351412e+03
2.726785790987471955e+03
2.690616649126548509e+03
3.775444871381952908e+03
2.573344019264911367e+03
2.702826654308380057e+03
2.640571622847063281e+03
2.718502138678359643e+03
2.606873559305766321e+03
2.724828998670075634e+03
2.846897683812022024e+03
3.085310918904534901e+03
3.127791277909921064e+03
2.736044113278925579e+03
3.030941099361313263e+03
2.743438753365668163e+03
3.510858233961131191e+03
2.836834098936662485e+03
3.018421559813057684e+03
3.102864156699164141e+03
3.053411059290478079e+03
3.055780012182733572e+03
3.007185756353847410e+03
2.953767737289460456e+03
3.050078780405608995e+03
3.244766978525782633e+03
2.782851647696020791e+03
2.354092365607610191e+03
3.358743917159228204e+03
2.345304461388865548e+03
3.335547198255043895e+03
3.279039387425863879e+03
3.299003534629088335e+03
3.031335956139905647e+03
3.151793617459031339e+03
3.372706565022853738e+03
2.707449482261821686e+03
2.858658250930698614e+03
3.122752548347355969e+03
3.142478937001503709e+03
3.091675624856772629e+03
3.181170826606632090e+03
3.232015294244267807e+03
3.249514821444376139e+03
3.078848361662715888e+03
3.239060405677121707e+03
3.357585783524305043e+03
3.115933347309124656e+03
3.060937221553594554e+03
3.298182307559979108e+03
3.279059675840379441e+03
3.224217895073516502e+03
3.155087480016600693e+03
3.256861421295942819e+03
3.253325398840434900e+03
3.082223916524234937e+03
3.145761354738271621e+03
3.160096060732431397e+03
3.071112674730276012e+03
3.292669787538303808e+03
3.258405336025259203e+03
3.237092321899625858e+03
3.251891148173877809e+03
3.255909845084173867e+03
3.174314906943202914e+03
3.272131690745714877e+03
3.178554345456152078e+03
3.178476714851012730e+03
3.053880424582895557e+03
3.073877382836454217e+03
3.075773076127359673e+03
2.949737025651715612e+03
3.109081407079693236e+03
3.090885142980283035e+03
3.045894059915542130e+03
3.109286015137856339e+03
2.715005843996997555e+03
2.621203858602480977e+03
2.720747239241505667e+03
2.525821394048371076e+03
2.667407726188043398e+03
2.635413717897316019e+03
2.762071187424496202e+03
2.720647765029362290e+03
2.939032747460092651e+03
2.780070322139970813e+03
2.795311132519803778e+03
2.562957447443044202e+03
2.546295346892833095e+03
