2.230000000000000000e+03
2.032000000000000000e+03
2.012000000000000000e+03
2.612000000000000000e+03
2.300000000000000000e+03
1.320000000000000000e+03
2.127000000000000000e+03
1.982000000000000000e+03
2.312000000000000000e+03
2.061000000000000000e+03
1.847000000000000000e+03
2.075000000000000000e+03
2.002000000000000000e+03
2.000000000000000000e+03
2.078000000000000000e+03
2.113000000000000000e+03
2.014000000000000000e+03
1.879000000000000000e+03
1.912000000000000000e+03
2.075000000000000000e+03
2.319000000000000000e+03
2.177000000000000000e+03
2.110000000000000000e+03
1.914000000000000000e+03
1.971000000000000000e+03
2.200000000000000000e+03
1.954000000000000000e+03
2.038000000000000000e+03
1.815000000000000000e+03
1.977000000000000000e+03
2.316000000000000000e+03
2.126000000000000000e+03
2.195000000000000000e+03
2.212000000000000000e+03
2.204000000000000000e+03
2.125000000000000000e+03
1.980000000000000000e+03
2.234000000000000000e+03
2.126000000000000000e+03
2.033000000000000000e+03
2.283000000000000000e+03
2.197000000000000000e+03
2.219000000000000000e+03
2.238000000000000000e+03
2.201000000000000000e+03
2.225000000000000000e+03
1.952000000000000000e+03
2.167000000000000000e+03
2.566000000000000000e+03
2.116000000000000000e+03
1.913000000000000000e+03
1.896000000000000000e+03
2.368000000000000000e+03
2.144000000000000000e+03
2.090000000000000000e+03
2.123000000000000000e+03
2.172000000000000000e+03
2.219000000000000000e+03
2.389000000000000000e+03
2.139000000000000000e+03
2.117000000000000000e+03
2.146000000000000000e+03
2.113000000000000000e+03
2.161000000000000000e+03
2.212000000000000000e+03
2.051000000000000000e+03
2.182000000000000000e+03
2.252000000000000000e+03
2.135000000000000000e+03
2.195000000000000000e+03
3.760000000000000000e+03
2.409000000000000000e+03
2.366000000000000000e+03
2.182000000000000000e+03
2.107000000000000000e+03
2.117000000000000000e+03
2.244000000000000000e+03
2.445000000000000000e+03
2.283000000000000000e+03
2.464000000000000000e+03
2.748000000000000000e+03
3.086000000000000000e+03
3.173000000000000000e+03
2.047000000000000000e+03
2.494000000000000000e+03
2.658000000000000000e+03
2.290000000000000000e+03
2.183000000000000000e+03
2.815000000000000000e+03
2.398000000000000000e+03
2.762000000000000000e+03
2.453000000000000000e+03
2.574000000000000000e+03
2.265000000000000000e+03
2.001000000000000000e+03
2.731000000000000000e+03
2.022000000000000000e+03
2.056000000000000000e+03
1.488000000000000000e+03
1.821000000000000000e+03
1.879000000000000000e+03
2.168000000000000000e+03
2.210000000000000000e+03
2.723000000000000000e+03
2.634000000000000000e+03
2.394000000000000000e+03
2.189000000000000000e+03
3.012000000000000000e+03
2.181000000000000000e+03
3.006000000000000000e+03
2.747000000000000000e+03
2.645000000000000000e+03
3.158000000000000000e+03
3.208000000000000000e+03
2.701000000000000000e+03
2.102000000000000000e+03
2.238000000000000000e+03
2.360000000000000000e+03
2.238000000000000000e+03
2.412000000000000000e+03
2.687000000000000000e+03
3.201000000000000000e+03
2.129000000000000000e+03
2.261000000000000000e+03
2.974000000000000000e+03
2.526000000000000000e+03
2.488000000000000000e+03
2.730000000000000000e+03
2.995000000000000000e+03
2.296000000000000000e+03
2.695000000000000000e+03
3.332000000000000000e+03
2.401000000000000000e+03
2.167000000000000000e+03
2.097000000000000000e+03
1.752000000000000000e+03
2.160000000000000000e+03
1.829000000000000000e+03
1.738000000000000000e+03
1.717000000000000000e+03
2.433000000000000000e+03
1.850000000000000000e+03
1.714000000000000000e+03
1.743000000000000000e+03
2.180000000000000000e+03
2.410000000000000000e+03
1.946000000000000000e+03
2.212000000000000000e+03
1.668000000000000000e+03
1.336000000000000000e+03
1.817000000000000000e+03
2.439000000000000000e+03
2.305000000000000000e+03
2.620000000000000000e+03
2.525000000000000000e+03
2.546000000000000000e+03
2.065000000000000000e+03
2.832000000000000000e+03
1.943000000000000000e+03
2.006000000000000000e+03
2.223000000000000000e+03
2.283000000000000000e+03
2.901000000000000000e+03
2.240000000000000000e+03
2.389000000000000000e+03
2.301000000000000000e+03
3.075000000000000000e+03
2.514000000000000000e+03
2.786000000000000000e+03
2.016000000000000000e+03
2.383000000000000000e+03
1.995000000000000000e+03
2.074000000000000000e+03
2.360000000000000000e+03
2.435000000000000000e+03
2.714000000000000000e+03
3.083000000000000000e+03
2.278000000000000000e+03
2.060000000000000000e+03
1.829000000000000000e+03
1.904000000000000000e+03
2.939000000000000000e+03
2.871000000000000000e+03
2.688000000000000000e+03
3.049000000000000000e+03
1.973000000000000000e+03
1.711000000000000000e+03
2.397000000000000000e+03
2.229000000000000000e+03
3.092000000000000000e+03
2.236000000000000000e+03
2.634000000000000000e+03
2.655000000000000000e+03
1.968000000000000000e+03
1.985000000000000000e+03
1.859000000000000000e+03
1.768000000000000000e+03
2.650000000000000000e+03
1.951000000000000000e+03
2.064000000000000000e+03
2.485000000000000000e+03
2.113000000000000000e+03
2.931000000000000000e+03
3.051000000000000000e+03
2.669000000000000000e+03
2.310000000000000000e+03
2.597000000000000000e+03
2.259000000000000000e+03
2.174000000000000000e+03
3.151000000000000000e+03
2.971000000000000000e+03
2.607000000000000000e+03
2.284000000000000000e+03
2.377000000000000000e+03
2.305000000000000000e+03
2.201000000000000000e+03
1.665000000000000000e+03
3.163000000000000000e+03
2.686000000000000000e+03
4.000000000000000000e+03
1.972000000000000000e+03
4.000000000000000000e+03
1.618000000000000000e+03
1.743000000000000000e+03
1.697000000000000000e+03
1.990000000000000000e+03
1.863000000000000000e+03
2.140000000000000000e+03
1.716000000000000000e+03
1.697000000000000000e+03
1.689000000000000000e+03
1.677000000000000000e+03
1.871000000000000000e+03
1.620000000000000000e+03
1.767000000000000000e+03
1.627000000000000000e+03
1.736000000000000000e+03
2.230000000000000000e+03
2.314000000000000000e+03
1.811000000000000000e+03
1.566000000000000000e+03
2.282000000000000000e+03
1.922000000000000000e+03
1.624000000000000000e+03
1.851000000000000000e+03
2.143000000000000000e+03
3.180000000000000000e+03
2.503000000000000000e+03
1.933000000000000000e+03
2.040000000000000000e+03
4.000000000000000000e+03
2.266000000000000000e+03
1.878000000000000000e+03
2.148000000000000000e+03
2.590000000000000000e+03
1.751000000000000000e+03
2.071000000000000000e+03
4.000000000000000000e+03
3.172000000000000000e+03
2.506000000000000000e+03
3.424000000000000000e+03
2.465000000000000000e+03
1.860000000000000000e+03
1.887000000000000000e+03
1.654000000000000000e+03
1.645000000000000000e+03
1.691000000000000000e+03
1.607000000000000000e+03
1.277000000000000000e+03
1.292000000000000000e+03
1.653000000000000000e+03
1.660000000000000000e+03
1.679000000000000000e+03
1.572000000000000000e+03
1.489000000000000000e+03
1.612000000000000000e+03
2.075000000000000000e+03
1.309000000000000000e+03
1.684000000000000000e+03
1.648000000000000000e+03
1.628000000000000000e+03
1.268000000000000000e+03
1.335000000000000000e+03
1.627000000000000000e+03
1.649000000000000000e+03
1.382000000000000000e+03
1.628000000000000000e+03
2.355000000000000000e+03
1.670000000000000000e+03
1.863000000000000000e+03
1.916000000000000000e+03
1.925000000000000000e+03
2.156000000000000000e+03
3.380000000000000000e+03
2.862000000000000000e+03
1.586000000000000000e+03
1.967000000000000000e+03
1.739000000000000000e+03
2.189000000000000000e+03
2.478000000000000000e+03
