nan
nan
1.219576950073242116e+01
7.793000162421883203e+00
5.546539773941040252e+00
5.945242540836334300e+00
8.089867823123931601e+00
9.436438565254212207e+00
9.818403668403625772e+00
9.506683483123779865e+00
9.299094805717468049e+00
9.176885190010070303e+00
9.931625342369079235e+00
8.484434199333190207e+00
6.058064496517181041e+00
5.474783909320831476e+00
6.249618368148803782e+00
6.600837926864624450e+00
5.848242783546448109e+00
4.395811398029326966e+00
3.671188411712646538e+00
4.363366878032683971e+00
5.072344353199005340e+00
5.880779745578766260e+00
6.321365277767181823e+00
6.977094304561615168e+00
6.765744361877441548e+00
6.278295602798461772e+00
5.591450476646423695e+00
5.233208432197570481e+00
4.514950828552246165e+00
3.921519675254821813e+00
3.642165352106094378e+00
2.932661792039871429e+00
2.636907119750976580e+00
2.996003572940826309e+00
3.009339499473571600e+00
3.054006514549255424e+00
2.775725142955780100e+00
2.501517978906631523e+00
2.380652238130569476e+00
2.223460437059402661e+00
2.140037828683853061e+00
2.530401360988617121e+00
2.897536573410034233e+00
2.677234145402908272e+00
2.342598046064376938e+00
2.123943301439285225e+00
2.207429528236389160e+00
2.138110265731811399e+00
2.177979520559310878e+00
1.976333130598068255e+00
1.894673271179199148e+00
1.808534688949585023e+00
1.548974694013595554e+00
1.652235844731330783e+00
1.731559682488441387e+00
1.783750072121620178e+00
1.828462685942649824e+00
1.684830991625785757e+00
1.679911725521087584e+00
1.765233790874481290e+00
1.466233005523681632e+00
1.357411456108093217e+00
1.608836002349853578e+00
1.347806232273578653e+00
8.576726323366165028e-01
6.827273595333099854e-01
5.938122786581516710e-01
5.847976927459239693e-01
9.185158306360244884e-01
7.262208718061446966e-01
4.179105930030345695e-01
4.032974310219287761e-01
5.160931822657585100e-01
5.457718825340270863e-01
4.499765500426292641e-01
3.927611258625984259e-01
4.853206238150596374e-01
7.670030269026756331e-01
8.905504897236824480e-01
6.018773278594017340e-01
8.463198454678058091e-01
7.944157929718493882e-01
3.516604675352573151e-01
4.268800945580005779e-01
5.026766473054885553e-01
3.953103779256343930e-01
2.435652747750282343e-01
2.698898570239544048e-01
4.346556121110916049e-01
6.398930445313453230e-01
5.078671187162399070e-01
3.323969323933124720e-01
3.667386505007743658e-01
5.202217774093150782e-01
5.824959099292754683e-01
5.033756944537163269e-01
4.936623159050941290e-01
4.734104859828949241e-01
4.418728464096784436e-01
2.199443724006414358e-01
1.602560668438673119e-01
3.765810999274253890e-01
3.673193781822919890e-01
2.339277391135692608e-01
2.822267275303602108e-01
3.775217448174953416e-01
3.176692497730255194e-01
2.601014772057533286e-01
2.552778030186891312e-01
2.145860131084919020e-01
2.284448515623807852e-01
4.242907647788524694e-01
4.016444782912731437e-01
1.944482304155826513e-01
2.770009145885705681e-01
4.025613528490066262e-01
3.902713167667388738e-01
5.105700781941413524e-01
4.655670394934713907e-01
2.524489843472838557e-01
2.775337125360965995e-01
2.607826058566570238e-01
1.951495187729597180e-01
1.171972256153821917e-01
1.958654209226369791e-01
2.139957138150930527e-01
1.920750379562377874e-01
1.994080987572670050e-01
2.083016623556613878e-01
2.048588337749242816e-01
1.879351541399955638e-01
1.934190030395984694e-01
2.254761350154876609e-01
2.642654964327812439e-01
2.376908667385578267e-01
2.028574325144290869e-01
1.801122706383466721e-01
1.545171231776475973e-01
1.685337881743907973e-01
2.010976317524909851e-01
2.174365358054637931e-01
1.602945218421518714e-01
1.110907039884477809e-01
1.257607666868716390e-01
1.916481833904981613e-01
2.594607548415661102e-01
2.788987147063016758e-01
2.559362269937991985e-01
2.327174237370490950e-01
2.119540859758853868e-01
1.848761013895273142e-01
2.702329880744218649e-01
3.072320079803466664e-01
1.705019157007336694e-01
1.312905503809451979e-01
2.403001510724425416e-01
2.834351971745491250e-01
1.944773986935615651e-01
1.125245007872581471e-01
5.012370299547910801e-02
7.128965904936195030e-02
9.793515324592590165e-02
1.134819699823856332e-01
1.587102700769901231e-01
1.582975171040743589e-01
5.883992491289972981e-02
1.448019493650644918e-01
1.314221348613500706e-01
8.499424654990433980e-02
9.147451352328062057e-02
2.575713674724102176e-01
2.650604788959026181e-01
1.479605761915445405e-01
1.509709247946739163e-01
1.571544048190116893e-01
1.346206640824675616e-01
8.990534044802188374e-02
8.911786284297704142e-02
1.564065724611282404e-01
1.824462504684924991e-01
1.897383687645196881e-01
2.629746017605066322e-01
4.010020437836647189e-01
5.425564913451671467e-01
5.394771277904510942e-01
3.380366329848766282e-01
2.057651425153017022e-01
1.312730907648801681e-01
1.405586308985948552e-01
1.492672855406999566e-01
1.513053812086582184e-01
1.553008325397968181e-01
2.155763348191976625e-01
2.338176231831312069e-01
1.660050791129469849e-01
8.587363481521606556e-02
1.400823432952165715e-01
1.403992534428834815e-01
9.496382888406515455e-02
1.384736355766653937e-01
1.301796044781804162e-01
1.788125985115766592e-01
1.713409120216965731e-01
6.871390401385724100e-02
1.600218034815043266e-01
1.883354922384023744e-01
2.030612327158451136e-01
3.215632680803537369e-01
2.063200412318110522e-01
9.556962236762046869e-02
1.598452356085181270e-01
2.185222167521715109e-01
1.639887904003262398e-01
8.824025187641382217e-02
1.652372630313038715e-01
2.149815069884061791e-01
8.845776896923780719e-02
1.194023011252283994e-01
1.091458047367632328e-01
1.320525103062391292e-01
1.826429134234786034e-01
1.749182186648249593e-01
1.126249429583549566e-01
8.527970563620329569e-02
1.144938245043158470e-01
2.463016808778047684e-01
2.992025548964739046e-01
3.023899948596954212e-01
2.228109205514192670e-01
2.290113981068134241e-01
2.818774875253439172e-01
3.152436894178390347e-01
3.168774016201496013e-01
2.747037480771541418e-01
2.178118468821048648e-01
1.646563906967639934e-01
1.512111455574631780e-01
1.556135886535048585e-01
1.653607906028628227e-01
2.089560121297836248e-01
3.457930148392915903e-01
3.872935623675584638e-01
2.843887106329202608e-01
1.362874672561883993e-01
1.740307205170393001e-01
2.538190748542547004e-01
2.177070641145110175e-01
1.665336245670914761e-01
2.592727962881326564e-01
2.629910910129547030e-01
2.258640097081661136e-01
1.684338667243719112e-01
1.032250255346298246e-01
1.232941855490207739e-01
8.482197126839309542e-02
5.170934502035379188e-02
1.283031971007585481e-01
1.694020209461450654e-01
7.476817559450864292e-02
2.007406420260667845e-01
2.491587274521589179e-01
2.608150000870227969e-01
2.465880218148231440e-01
2.221395470947027107e-01
2.059037457406520943e-01
1.686773660033941136e-01
1.802995515614748134e-01
1.886172123998403616e-01
1.736465157568454765e-01
1.510901755094528065e-01
1.366013535112142463e-01
1.414676579087972563e-01
1.602498775720596347e-01
1.442032470181584258e-01
1.048482272401452114e-01
7.582427032291888525e-02
8.867716215550899839e-02
8.809212487190962171e-02
7.587294362485408339e-02
5.559094613417982916e-02
4.460035799071192936e-02
6.873261509463191032e-02
8.863832931965590078e-02
1.093403835222125087e-01
1.325989371538162098e-01
1.699833136051893123e-01
1.708448558300733611e-01
1.596281462907791215e-01
1.346888521313667209e-01
9.356748672202229444e-02
4.564347151666879598e-02
1.062378128059208449e-01
1.683589213341474544e-01
1.459846359305083663e-01
8.615095298737288076e-02
6.528443254530430506e-02
1.218082804977893840e-01
1.755832317471504311e-01
