-1.912869972039551794e+04
-1.618946866603114722e+04
-1.590234737370163202e+04
-2.309268541265808744e+04
-2.515422742436559565e+04
-3.414730977511941455e+04
-3.157624776482496964e+04
-1.742568123292549353e+04
-2.934058581106388374e+04
-1.640898765196801105e+04
-3.414702857055028289e+04
-2.603403652733294075e+04
-1.994785537291047876e+04
-1.214421787688597033e+04
-2.270528951546374083e+04
-3.559016200768539420e+04
-3.040273050644215618e+04
-2.051087394775096618e+04
-1.950998624450868010e+04
-1.253258674552767297e+04
-2.490972141776122953e+04
-2.609882126737543877e+04
-2.181235714701293182e+04
-3.411420630510313640e+04
-2.034285066127285609e+04
-2.861490731242361289e+04
-2.959042491293708372e+04
-2.314232612742027777e+04
-2.385355539385409429e+04
-1.485675609116492160e+04
-2.023031670805426984e+04
-2.411383445502613176e+04
-1.847264859025398255e+04
-2.058546106435418915e+04
-2.700719230302773212e+04
-1.661499233874982019e+04
-1.869166262912305319e+04
-1.943940607102691501e+04
-1.820612703420300022e+04
-1.700083658140700209e+04
-1.738554348065621525e+04
-2.216377710895673226e+04
-1.962798553389986773e+04
-1.713002808635665133e+04
-1.766664407839855630e+04
-1.504244401276525059e+04
-1.174244725168374862e+04
-2.379246802797186683e+04
-2.231793568104215228e+04
-1.026100998855529542e+04
-1.792142556747025083e+04
-1.578285250926865956e+04
-1.740214956444969721e+04
-1.479816871555855687e+04
-1.856111828838472138e+04
-1.701587092368916637e+04
-1.781704485089029549e+04
-1.825138197081959515e+04
-2.053390505946319536e+04
-1.635752912598692092e+04
-1.462171298666071380e+04
-1.884707789253036026e+04
-1.268509451474869093e+04
-1.712956845365227127e+04
-1.286178133364999849e+04
-1.170914558810570452e+04
-1.310524235952958588e+04
-1.287847311340037231e+04
-1.430358488088900958e+04
-1.463692648767814535e+04
-1.885742048497815631e+04
-1.408327513929282577e+04
-1.315173156654804552e+04
-1.126514517376328513e+04
-1.427079505761680775e+04
-1.169972927625801458e+04
-1.205957447183255135e+04
-1.802409375491873652e+04
-1.950549579172227095e+04
-1.724217261617019176e+04
-1.423410623563284753e+04
-2.145422784085364401e+04
-2.239038395477067388e+04
-9.597597526377256145e+03
-2.080747783934668405e+04
-1.760452091266588104e+04
-1.612443419569396974e+04
-1.049630407632758943e+04
-1.421866003672551233e+04
-1.309749820612714029e+04
-2.696414138152261876e+04
-1.154282639048533565e+04
-1.254991087136789429e+04
-8.175508174491996215e+03
-7.611479767072073628e+03
-2.176573829050530549e+04
-9.423586499438566534e+03
-1.024992283424797824e+04
-5.748218226951144061e+03
-3.930349115159837311e+03
-4.511611614531374471e+03
-1.131486272137321430e+04
-1.558094239081071646e+04
-1.149137470701587154e+04
-1.546317230299280527e+04
-1.742676788244719501e+04
-1.538465989516184891e+04
-1.995040373229732359e+04
-1.351326268208710280e+04
-2.504193660662777256e+04
-1.512538157534523634e+04
-1.656915086505891304e+04
-1.840506755076188711e+04
-1.981799087654559116e+04
-1.568835761772823389e+04
-1.222421021496803223e+04
-1.055293143582651828e+04
-1.568407068776027336e+04
-1.493270308404253228e+04
-1.594035168772213001e+04
-1.698807526219699139e+04
-2.181846642166965103e+04
-1.556259894293031721e+04
-1.069281318568107963e+04
-2.015931991902350273e+04
-1.484334521187710743e+04
-1.310793014132134704e+04
-1.756503361174901147e+04
-1.714720023825897806e+04
-1.233315551763905023e+04
-1.635742537833688948e+04
-2.235294042614856517e+04
-1.575961029178235549e+04
-2.694615646371666662e+04
-7.326823015461422983e+03
-7.508504790573787432e+03
-1.345907353671116107e+04
-6.187405715296212293e+03
-1.081480382139321955e+04
-8.812252868592717277e+03
-1.828925288712024849e+04
-6.970290252819765556e+03
-6.535520195959026751e+03
-5.584560087221444519e+03
-6.889946330732650495e+03
-1.607224074875606675e+04
-7.457457233656165954e+03
-1.146017800331995750e+04
-9.061613335259973610e+03
-1.939634092658139252e+03
-6.190654648613846803e+03
-9.370213588125925526e+03
-1.538142006113628850e+04
-2.001421827265133834e+04
-1.446152256587899319e+04
-2.166671881093811680e+04
-1.116783180567746604e+04
-1.741929161579953143e+04
-6.754741478547732186e+03
-1.185137500703200931e+04
-1.388999740238177583e+04
-1.333988495340100417e+04
-1.800270874009877662e+04
-1.193119467945477481e+04
-1.059647072659903097e+04
-1.395033243342428250e+04
-2.088631993523799611e+04
-1.233647154331486490e+04
-2.435805081735683052e+04
-1.769730941402577810e+04
-2.126116366425742308e+04
-1.512985423984379668e+04
-1.666699330043040391e+04
-1.430497158167932685e+04
-1.358077022736437357e+04
-1.589411869853003554e+04
-1.695608322915830286e+04
-1.092557868456882534e+04
-1.999751196938988505e+04
-1.111178177876256086e+04
-7.416743418516307429e+03
-1.408281128865591563e+04
-1.718472167656354577e+04
-2.159479122391437704e+04
-3.187167532845156165e+04
-1.165131287819337922e+04
-1.082514978531979978e+04
-1.137533700930518353e+04
-1.222919116426294750e+04
-1.441308253860142213e+04
-1.506713784789906458e+04
-2.168307632269477108e+04
-1.883990488737406122e+04
-1.029339578640689251e+04
-5.540166491669564493e+03
-1.479906922626378037e+04
-5.919860126710233999e+03
-1.131837229929384011e+04
-4.782340424844573135e+03
-9.813495705657955114e+03
-1.700594453871535734e+04
-1.117110450539286103e+04
-1.907652120853140877e+04
-2.297860042275217347e+04
-1.727143397658659524e+04
-2.097517978915175627e+04
-1.908498808314533017e+04
-1.066793799017960737e+04
-1.635453402578924397e+04
-1.875438354248324686e+04
-2.803763315022643292e+04
-2.372309628530779446e+04
-9.910278512575319837e+03
-1.496104264717126171e+04
-1.573783164114232022e+04
-1.169825873220248468e+04
-5.388957326639192615e+03
-9.309678616154435076e+03
-1.347312721925233745e+04
-1.426342315910351317e+04
-1.330363946943375413e+04
-1.455979965773620825e+04
-2.125336955563122046e+03
-2.922923892575914579e+03
-3.432257271239890997e+03
-1.401785789575562012e+04
-1.336865207333238504e+04
-1.121888929170302799e+04
-9.291350387422673521e+03
-7.291068785455910984e+03
-7.983441807171769142e+03
-6.442170284595806606e+02
-1.568124800669168872e+04
-1.817546420564893310e+02
-5.297649903964163059e+03
-8.709332682647490742e+01
-1.280729661306529852e+04
-1.286499352311861367e+04
-1.561963240279584716e+04
-1.343086930139052674e+04
-4.700243598164001924e+03
-3.189001762487308224e+04
-2.325670780253315115e+03
-6.190492983987872321e+03
3.429601587088613428e+02
-4.611925560435358420e+03
-1.533341675379208391e+04
-4.297070123431920365e+03
-3.178217272983491966e+03
-9.011601702456769999e+03
-1.334709246038529272e+04
-8.497729403921313860e+03
-3.830977882987240719e+03
-4.461520706298584628e+03
-7.701444288581319597e+03
-1.774921888372486819e+03
-1.045040916456055675e+04
-1.527446766587121783e+04
-1.929020512710065304e+04
-9.893497011904390092e+03
-3.262660686057419662e+04
-9.242419735607218172e+03
-1.648808738106432065e+04
-1.081415612551001868e+04
-3.684528809737448682e+03
-3.260767093095580094e+03
-1.288218217173561470e+03
-1.095267896414221650e+04
-1.202236925998002334e+03
9.968058521736661532e+02
-3.561238554622908396e+03
-2.739334557418076201e+03
-7.841214541144465329e+03
-5.324704628488998424e+03
-4.184090869154731990e+03
8.238537243998999315e+01
-4.852784812172457350e+03
-3.671873853401694305e+03
-4.466840493135574661e+02
-1.137898073085734495e+03
-1.313971259811710070e+03
-2.579197658871567000e+03
3.169652801418006902e+02
-3.841398307248463425e+03
-3.844532733760543579e+03
-6.729651946218468765e+03
-2.835078043079032341e+03
-8.684081847942097738e+03
-4.460925619156469111e+03
-5.590294105268315434e+03
-5.054088489753480644e+03
-7.899809964522266455e+03
-5.987578829424111973e+03
-1.825306020723583060e+04
-1.080444180046253496e+04
-4.770351434932476877e+03
-9.379427248046869863e+03
-3.920972059363180506e+03
-5.500656007547912850e+03
-1.380726229776861692e+04
