6.540000000000000000e+03
6.001000000000000000e+03
5.741000000000000000e+03
6.666000000000000000e+03
6.736000000000000000e+03
2.674000000000000000e+03
3.700000000000000000e+03
4.134000000000000000e+03
4.544000000000000000e+03
4.725000000000000000e+03
3.402000000000000000e+03
2.314000000000000000e+03
3.197000000000000000e+03
2.818000000000000000e+03
3.324000000000000000e+03
3.384000000000000000e+03
4.051000000000000000e+03
3.512000000000000000e+03
3.500000000000000000e+03
3.471000000000000000e+03
2.997000000000000000e+03
3.514000000000000000e+03
3.172000000000000000e+03
3.285000000000000000e+03
2.927000000000000000e+03
2.077000000000000000e+03
2.234000000000000000e+03
2.836000000000000000e+03
2.486000000000000000e+03
2.682000000000000000e+03
1.827000000000000000e+03
1.613000000000000000e+03
1.310000000000000000e+03
2.276000000000000000e+03
1.435000000000000000e+03
1.816000000000000000e+03
2.053000000000000000e+03
2.035000000000000000e+03
1.765000000000000000e+03
1.337000000000000000e+03
1.305000000000000000e+03
1.423000000000000000e+03
1.570000000000000000e+03
1.237000000000000000e+03
1.479000000000000000e+03
1.477000000000000000e+03
1.372000000000000000e+03
1.137000000000000000e+03
1.224000000000000000e+03
1.169000000000000000e+03
1.250000000000000000e+03
5.350000000000000000e+02
5.420000000000000000e+02
5.860000000000000000e+02
4.490000000000000000e+02
5.370000000000000000e+02
3.960000000000000000e+02
4.780000000000000000e+02
4.840000000000000000e+02
4.010000000000000000e+02
3.690000000000000000e+02
3.200000000000000000e+02
1.840000000000000000e+02
1.530000000000000000e+02
1.310000000000000000e+02
1.240000000000000000e+02
1.690000000000000000e+02
1.910000000000000000e+02
1.320000000000000000e+02
1.370000000000000000e+02
1.690000000000000000e+02
1.860000000000000000e+02
1.540000000000000000e+02
1.780000000000000000e+02
1.790000000000000000e+02
1.270000000000000000e+02
1.370000000000000000e+02
2.180000000000000000e+02
1.030000000000000000e+02
1.450000000000000000e+02
2.310000000000000000e+02
1.780000000000000000e+02
1.330000000000000000e+02
1.630000000000000000e+02
2.470000000000000000e+02
1.760000000000000000e+02
1.630000000000000000e+02
1.240000000000000000e+02
1.180000000000000000e+02
1.650000000000000000e+02
1.960000000000000000e+02
1.170000000000000000e+02
1.490000000000000000e+02
1.080000000000000000e+02
1.200000000000000000e+02
1.760000000000000000e+02
1.730000000000000000e+02
1.780000000000000000e+02
1.990000000000000000e+02
1.570000000000000000e+02
1.750000000000000000e+02
1.750000000000000000e+02
2.540000000000000000e+02
1.160000000000000000e+02
1.110000000000000000e+02
1.680000000000000000e+02
1.310000000000000000e+02
1.250000000000000000e+02
1.780000000000000000e+02
1.440000000000000000e+02
9.500000000000000000e+01
1.260000000000000000e+02
1.910000000000000000e+02
1.800000000000000000e+02
1.610000000000000000e+02
1.290000000000000000e+02
1.780000000000000000e+02
1.110000000000000000e+02
1.820000000000000000e+02
1.550000000000000000e+02
2.610000000000000000e+02
1.930000000000000000e+02
2.020000000000000000e+02
2.030000000000000000e+02
1.010000000000000000e+02
9.600000000000000000e+01
2.000000000000000000e+02
2.210000000000000000e+02
2.300000000000000000e+02
2.440000000000000000e+02
9.800000000000000000e+01
1.230000000000000000e+02
2.760000000000000000e+02
1.640000000000000000e+02
1.530000000000000000e+02
2.320000000000000000e+02
1.630000000000000000e+02
1.420000000000000000e+02
2.480000000000000000e+02
1.870000000000000000e+02
2.330000000000000000e+02
1.870000000000000000e+02
2.020000000000000000e+02
1.440000000000000000e+02
2.410000000000000000e+02
1.870000000000000000e+02
2.040000000000000000e+02
1.450000000000000000e+02
1.190000000000000000e+02
1.730000000000000000e+02
1.600000000000000000e+02
1.070000000000000000e+02
1.600000000000000000e+02
1.420000000000000000e+02
2.050000000000000000e+02
1.960000000000000000e+02
2.040000000000000000e+02
1.660000000000000000e+02
1.140000000000000000e+02
2.170000000000000000e+02
2.340000000000000000e+02
1.090000000000000000e+02
2.270000000000000000e+02
1.490000000000000000e+02
2.140000000000000000e+02
1.600000000000000000e+02
2.790000000000000000e+02
8.900000000000000000e+01
1.220000000000000000e+02
1.110000000000000000e+02
1.270000000000000000e+02
9.000000000000000000e+01
2.030000000000000000e+02
1.470000000000000000e+02
1.640000000000000000e+02
1.140000000000000000e+02
1.230000000000000000e+02
1.110000000000000000e+02
1.760000000000000000e+02
1.960000000000000000e+02
2.450000000000000000e+02
2.060000000000000000e+02
1.660000000000000000e+02
1.610000000000000000e+02
1.420000000000000000e+02
1.900000000000000000e+02
1.000000000000000000e+02
9.600000000000000000e+01
9.900000000000000000e+01
5.900000000000000000e+01
9.700000000000000000e+01
6.900000000000000000e+01
1.080000000000000000e+02
1.760000000000000000e+02
1.770000000000000000e+02
2.580000000000000000e+02
1.970000000000000000e+02
2.220000000000000000e+02
1.720000000000000000e+02
1.850000000000000000e+02
