nan
nan
3.460898995399475098e-02
6.487113982439041138e-02
1.403844356536865234e-01
8.248431235551834106e-02
2.194442301988601685e-01
5.788112878799438477e-01
3.515145778656005859e-01
1.998002380132675171e-01
1.444969177246093750e-01
1.463325023651123047e-01
1.619888991117477417e-01
1.652903109788894653e-01
1.943373382091522217e-01
1.751173734664916992e-01
1.748378127813339233e-01
1.901355236768722534e-01
1.858168989419937134e-01
1.840563416481018066e-01
1.819249242544174194e-01
1.871813535690307617e-01
1.850166618824005127e-01
1.902336925268173218e-01
2.029284089803695679e-01
1.806875020265579224e-01
1.555904299020767212e-01
1.746059358119964600e-01
1.902749091386795044e-01
2.122218310832977295e-01
1.727517992258071899e-01
1.604904383420944214e-01
1.292947232723236084e-01
1.745462864637374878e-01
1.673260480165481567e-01
1.780843883752822876e-01
1.957153975963592529e-01
1.894650459289550781e-01
1.840556412935256958e-01
1.813294589519500732e-01
1.682277768850326538e-01
1.645529270172119141e-01
1.695442944765090942e-01
1.736113280057907104e-01
1.844640523195266724e-01
2.039995491504669189e-01
2.119462788105010986e-01
1.989363878965377808e-01
2.140704095363616943e-01
1.950008273124694824e-01
3.021528720855712891e-01
2.421563416719436646e-01
2.343662679195404053e-01
1.689042150974273682e-01
1.480508446693420410e-01
1.671698987483978271e-01
1.644127070903778076e-01
1.848083436489105225e-01
2.129292488098144531e-01
2.084041833877563477e-01
2.047513574361801147e-01
2.169063687324523926e-01
1.929087638854980469e-01
1.917277723550796509e-01
1.728350520133972168e-01
2.045532912015914917e-01
1.975374668836593628e-01
1.717299968004226685e-01
2.192093431949615479e-01
2.429983913898468018e-01
1.991139352321624756e-01
3.154327273368835449e-01
3.055722117424011230e-01
3.097506761550903320e-01
2.947088778018951416e-01
2.728338539600372314e-01
2.488111108541488647e-01
3.086498677730560303e-01
2.923111021518707275e-01
2.243791371583938599e-01
2.634457051753997803e-01
2.645566463470458984e-01
2.957051992416381836e-01
3.311296403408050537e-01
3.110827803611755371e-01
3.293127417564392090e-01
3.404307663440704346e-01
2.067468315362930298e-01
2.608456313610076904e-01
2.506203949451446533e-01
3.918206989765167236e-01
3.372358083724975586e-01
2.474018633365631104e-01
2.659102678298950195e-01
3.041828870773315430e-01
3.435238301753997803e-01
2.484155297279357910e-01
3.535763025283813477e-01
3.948590457439422607e-01
2.291623800992965698e-01
3.707323074340820312e-01
2.630960345268249512e-01
3.857508301734924316e-01
3.844339847564697266e-01
2.611055374145507812e-01
3.414232730865478516e-01
3.080500662326812744e-01
2.618454694747924805e-01
3.831858932971954346e-01
4.070967137813568115e-01
3.756433129310607910e-01
3.266022801399230957e-01
3.405368626117706299e-01
3.330270051956176758e-01
3.765805065631866455e-01
3.784771561622619629e-01
3.912566602230072021e-01
3.479222059249877930e-01
3.129708766937255859e-01
2.916804254055023193e-01
4.412626624107360840e-01
2.041625082492828369e-01
2.956131994724273682e-01
3.615934848785400391e-01
2.785726189613342285e-01
2.030320316553115845e-01
2.587051689624786377e-01
3.049787878990173340e-01
3.213571906089782715e-01
2.960094809532165527e-01
2.266751378774642944e-01
2.089602798223495483e-01
4.120590090751647949e-01
2.779322862625122070e-01
3.340742588043212891e-01
3.022832274436950684e-01
2.549220323562622070e-01
2.909396290779113770e-01
3.489583432674407959e-01
2.603718340396881104e-01
3.865134119987487793e-01
3.022729754447937012e-01
3.168507814407348633e-01
3.683328330516815186e-01
3.377918601036071777e-01
4.297136664390563965e-01
3.878598809242248535e-01
3.463449180126190186e-01
3.955008387565612793e-01
3.384747803211212158e-01
3.788681924343109131e-01
3.271578848361968994e-01
3.446243107318878174e-01
3.776299059391021729e-01
3.019087016582489014e-01
3.153419792652130127e-01
2.398209273815155029e-01
3.948225080966949463e-01
2.601060867309570312e-01
3.768091499805450439e-01
3.068804144859313965e-01
2.099643647670745850e-01
2.830863595008850098e-01
3.345117866992950439e-01
2.821764647960662842e-01
2.194799631834030151e-01
3.840290307998657227e-01
3.219617605209350586e-01
2.620138823986053467e-01
2.217173278331756592e-01
2.565329372882843018e-01
1.922371536493301392e-01
3.549871146678924561e-01
2.222257852554321289e-01
2.802015542984008789e-01
2.755903005599975586e-01
1.698616743087768555e-01
2.416813373565673828e-01
2.599094808101654053e-01
2.796005606651306152e-01
3.236072361469268799e-01
3.920886516571044922e-01
2.531671226024627686e-01
3.720354735851287842e-01
2.582688629627227783e-01
2.577887177467346191e-01
1.918610483407974243e-01
1.865350455045700073e-01
2.294680178165435791e-01
2.405477017164230347e-01
2.474062889814376831e-01
2.697536945343017578e-01
2.058995515108108521e-01
3.358079791069030762e-01
3.265518248081207275e-01
2.572481632232666016e-01
3.143757283687591553e-01
4.024697244167327881e-01
1.885734647512435913e-01
2.769013345241546631e-01
