2.446531246678217641e+00
2.560774143952106119e+00
2.624489228775343630e+00
2.227277036006133137e+00
1.914883265388850786e+00
2.075237049363596320e+00
2.003044523328842086e+00
2.321286690159923172e+00
2.108456137908551131e+00
2.027766018925606595e+00
2.409694463026285760e+00
2.566053606898471173e+00
2.616988223453497575e+00
2.565839573781236727e+00
2.534333690767888836e+00
2.330666829398293505e+00
1.981425720469910168e+00
2.287404100550305408e+00
2.222839349620151506e+00
2.222776363916618703e+00
2.298985260368498817e+00
2.137379729972392894e+00
2.230482866466657832e+00
2.225706110610073729e+00
2.191837256532994438e+00
2.848564090078695710e+00
2.674653156670624643e+00
2.137188160633076262e+00
2.417896273445816480e+00
2.107562021178572831e+00
2.740213704262354000e+00
3.143523735892910231e+00
3.711909977057948229e+00
2.374271332947411217e+00
3.508626727640946186e+00
2.758893784380268333e+00
2.344404937637036834e+00
2.269235767155023176e+00
2.494221848170805611e+00
2.980504142660122646e+00
2.892081618023067957e+00
2.698870819901499907e+00
2.238549401314824383e+00
2.938253212951634996e+00
2.335660966167281583e+00
2.130783455889013300e+00
2.332769565180746518e+00
2.535877380414866877e+00
2.311807404156511314e+00
2.279167909902780842e+00
2.165715261277739945e+00
4.202286700364349592e+00
3.150622243115106080e+00
2.823010686858171692e+00
3.831122218391540102e+00
2.876493564698168637e+00
3.299775608883283251e+00
2.427562543282738794e+00
2.253904548457501100e+00
2.409269871319247525e+00
1.967591249026462208e+00
1.799195513966553417e+00
2.101795974218657381e+00
1.643470635550493331e+00
1.984082985868993454e+00
2.407791882613073753e+00
1.827010930313747838e+00
1.597541790425281549e+00
1.797392020431329840e+00
1.821483939747052139e+00
1.527522214932242051e+00
1.504689447882105346e+00
1.959316375936271504e+00
1.719981652453683507e+00
1.939780936247275767e+00
1.550386826639241988e+00
2.415294724295732109e+00
1.500937817289229592e+00
3.119762638248751330e+00
1.550130669140049378e+00
1.424994450754476505e+00
1.982718722091395547e+00
2.229356466461441588e+00
2.123367634201244858e+00
1.143313685961422577e+00
1.588087736237367320e+00
1.725203486998725610e+00
1.675540147320042195e+00
2.305147612936683466e+00
1.002842432460488764e+00
9.321811661533369042e-01
2.335303544539546472e+00
1.907478216964945572e+00
2.410624843327266120e+00
2.397893941482340807e+00
1.740774649560367093e+00
1.420173390589692719e+00
1.957590119508506366e+00
9.532992443370723601e-01
1.536408582534688483e+00
1.726227787888026111e+00
1.495257443827599841e+00
1.432227424047555875e+00
2.491788926910673219e+00
2.179453780964722753e+00
1.595451393873915436e+00
1.600761043568033060e+00
1.801750202967556724e+00
2.109393255863956540e+00
1.978816040047490343e+00
2.412804137266658433e+00
2.394385112412547922e+00
1.571652425563945021e+00
1.392603155871167342e+00
2.269536155304414216e+00
1.891132953479501611e+00
1.982289041289159837e+00
1.935586439696993732e+00
1.689171847966184137e+00
1.837587770122372621e+00
1.075909445220569527e+00
9.876697926737590949e-01
1.541233737057415398e+00
1.677637544985669971e+00
2.391573293255130572e+00
1.878453431393564577e+00
1.152607300446715000e+00
1.533960822843203786e+00
1.050994109603054838e+00
8.848666922131077639e-01
1.772108913960837029e+00
1.877906601110161278e+00
1.215723789542520805e+00
1.359018535011276674e+00
1.589771652570374005e+00
1.325799624357062667e+00
1.724881696824015709e+00
1.737577074109580622e+00
1.354820659730443078e+00
9.098680097065017236e-01
1.478529566658536964e+00
1.229307558905273545e+00
1.568568530959972396e+00
1.988914520536050112e+00
1.376374158012875881e+00
2.067323999184696781e+00
1.561166387002338674e+00
1.640151347424471329e+00
2.058776668542809496e+00
1.699261808999773748e+00
2.047906747125583848e+00
2.247685850533937657e+00
1.418082507625503474e+00
1.836722996357038395e+00
1.293500847428608713e+00
9.797607964232075695e-01
1.082381343930926665e+00
1.607329947119941149e+00
1.722536486834659097e+00
1.705295855731160382e+00
1.056626855768037609e+00
1.859096523931651035e+00
1.157637022662764359e+00
1.853314094053475580e+00
1.570331580976673802e+00
1.401511843653363121e+00
1.414295331808448797e+00
2.657706451102719303e+00
2.378497431970019615e+00
2.559039359591617657e+00
2.307069941770107491e+00
3.014476346506840265e+00
1.131630700501857101e+00
1.019704456044872698e+00
1.984680146491391906e+00
1.511257513904117333e+00
2.343837850184812055e+00
2.884840138699969803e+00
1.737203250258111176e+00
1.414822483191336966e+00
1.067474717203133361e+00
1.569083830377907329e+00
1.369697679174760152e+00
1.686391639440881551e+00
1.326372361093761443e+00
1.202537974003036636e+00
2.747336413848787018e+00
2.241257190226285445e+00
2.559276055008544049e+00
3.658043224080540501e+00
2.152202030049046311e+00
3.131822506193302047e+00
1.656371102088472824e+00
1.783749851908306816e+00
1.766685005389864838e+00
1.060295363358697340e+00
1.527578908039018302e+00
9.398284964509353578e-01
9.646408890795964419e-01
2.205677541179154044e+00
