2.966596028614792431e+03
2.809448458652931549e+03
2.830643456968390183e+03
2.832220540438084754e+03
2.872152179387919205e+03
1.052251652848486174e+03
1.543065032047345539e+03
2.086061308065941830e+03
2.156825652628831449e+03
2.257878425622689065e+03
2.069742020415687421e+03
1.300468679368652829e+03
2.014477053285319471e+03
1.681563338491077502e+03
2.099320715090642352e+03
2.252029073935033466e+03
2.392342155281271516e+03
2.282403062096298981e+03
2.296847128921102922e+03
2.318290867495037219e+03
2.118723153581567658e+03
2.318637794914896403e+03
2.209148327455715844e+03
2.320025515867740978e+03
2.388348221733107039e+03
2.104374196612648575e+03
2.165947933288135573e+03
2.554291249799281559e+03
2.407719467838409855e+03
2.481637588948573011e+03
2.265312506503174973e+03
2.268847676886329282e+03
2.120547045221363533e+03
2.431402200901724427e+03
2.187675049823638346e+03
2.286925479074961004e+03
2.562401348883719493e+03
2.614831941154198830e+03
2.432585384927542236e+03
2.253448087667723030e+03
2.396386675580286010e+03
2.237626757970262588e+03
2.636602014915465588e+03
2.478868193971331493e+03
2.682512808722985028e+03
3.129725610295852675e+03
2.540108886083085508e+03
2.609849820231750073e+03
2.607486866384440873e+03
2.792985214848731175e+03
3.199060313449453133e+03
2.457435259657292136e+03
2.752486963082173588e+03
2.447778165756404633e+03
2.565593968540407786e+03
2.531381312082987279e+03
2.448916406858722894e+03
2.770629066681611221e+03
2.914908059335643429e+03
2.854465506851595364e+03
2.967788972671318334e+03
3.293657973629770822e+03
2.818386606720767759e+03
3.437549442382732195e+03
2.997220660480344122e+03
2.782041607515137912e+03
3.101801405573109605e+03
3.410787613644542944e+03
3.195160362796723803e+03
2.906327748032066211e+03
3.280339130184754140e+03
3.930306160242102578e+03
3.398041241310414080e+03
3.511289342388319710e+03
3.485182952771583132e+03
3.330754642118448828e+03
2.771991813635431299e+03
3.622830067786945619e+03
2.950397769450435590e+03
3.413719533160797255e+03
4.031754746566778067e+03
3.644372999463168981e+03
3.233279546332358223e+03
4.376292917683858832e+03
3.839674577161648358e+03
6.035431054430642689e+03
3.250767675368966593e+03
3.210609144014221329e+03
3.551420374163853012e+03
3.729359581336800147e+03
4.507866446395480125e+03
3.267665598608729852e+03
3.789473927105203074e+03
3.729671742129702125e+03
3.312591433503148437e+03
3.444215252914651046e+03
3.424942856949776797e+03
3.245026497253330945e+03
3.457799118274253487e+03
3.249361283514062052e+03
4.368561468821028029e+03
3.665863595104165597e+03
4.421136393296696042e+03
3.059169945674059818e+03
2.995279996062115060e+03
3.112833542176381798e+03
3.194396613245919525e+03
3.597287558081303359e+03
3.666124701871061461e+03
3.525229203907446845e+03
3.499459235205686582e+03
3.425831468588297867e+03
3.293361746776661676e+03
3.673323870941668702e+03
3.155499574632591248e+03
3.570181557456250175e+03
3.362611989697963054e+03
3.485552196133055531e+03
3.642102049485589760e+03
4.155937408837344265e+03
4.548522487079815619e+03
4.212770917266202559e+03
3.389655323040225539e+03
2.961027776307530985e+03
2.728238825573303984e+03
3.037892076413104405e+03
3.645849610073449185e+03
3.743195765056921118e+03
3.913425875820464626e+03
4.739083884115968431e+03
3.264324682346336431e+03
3.128736743080496581e+03
4.099926925426441812e+03
3.952267581512520337e+03
3.573800912538778903e+03
3.835740320815294581e+03
2.725332997753326254e+03
2.857421717299285319e+03
3.084439162650057369e+03
2.610328554135997365e+03
3.250211278874081927e+03
3.156373327478038391e+03
3.630224139706102505e+03
3.635426030267267379e+03
4.614648232093724801e+03
3.620863671039110613e+03
3.165988779276410241e+03
3.653718588464949789e+03
3.439256280181284183e+03
3.679342202466373692e+03
3.655239475968322040e+03
3.091881969104822929e+03
3.437465138215083243e+03
3.736339349933838548e+03
4.190995455533755376e+03
5.324792944134276695e+03
4.671455588366216034e+03
4.312110942124008943e+03
3.227093161245621559e+03
5.312826245006973295e+03
3.682758898588791908e+03
3.060022532473557021e+03
3.166882951517504353e+03
2.987858331081221877e+03
3.534483236463730464e+03
3.184060383554889995e+03
4.345040159547954318e+03
3.334374728660257006e+03
3.250926304582048488e+03
3.457639056362854262e+03
3.595477746028283946e+03
3.308413239733503815e+03
3.713191501071025414e+03
3.881184645774691035e+03
4.168014066387831008e+03
3.665286686113588530e+03
3.490745489028061456e+03
3.360839882331834360e+03
3.631963767004625879e+03
3.482040269521032315e+03
3.901009320938665496e+03
4.160305687162320282e+03
3.983850274860054014e+03
4.064588493707051384e+03
3.369370804367911205e+03
3.632962695339126640e+03
3.392359689969232477e+03
3.315976187622618909e+03
3.387107788521495877e+03
3.135801269034553570e+03
3.432387781066438492e+03
2.981196500575760638e+03
3.282089672398797120e+03
3.316203116700690771e+03
3.006479743174832493e+03
3.468126405793343110e+03
3.628097766252547899e+03
3.643993984417226784e+03
3.800991889197806358e+03
3.452137553012702028e+03
