1.992000000000000000e+03
2.196000000000000000e+03
1.996000000000000000e+03
2.289000000000000000e+03
2.472000000000000000e+03
1.272000000000000000e+03
1.575000000000000000e+03
2.047000000000000000e+03
2.078000000000000000e+03
2.170000000000000000e+03
2.188000000000000000e+03
1.250000000000000000e+03
2.048000000000000000e+03
1.463000000000000000e+03
2.134000000000000000e+03
2.185000000000000000e+03
2.287000000000000000e+03
2.184000000000000000e+03
2.075000000000000000e+03
2.175000000000000000e+03
2.097000000000000000e+03
2.155000000000000000e+03
2.180000000000000000e+03
2.153000000000000000e+03
2.101000000000000000e+03
1.977000000000000000e+03
1.991000000000000000e+03
2.260000000000000000e+03
2.083000000000000000e+03
2.089000000000000000e+03
1.909000000000000000e+03
1.875000000000000000e+03
1.823000000000000000e+03
2.126000000000000000e+03
1.784000000000000000e+03
1.982000000000000000e+03
2.162000000000000000e+03
2.012000000000000000e+03
2.107000000000000000e+03
1.842000000000000000e+03
1.931000000000000000e+03
2.039000000000000000e+03
2.168000000000000000e+03
1.830000000000000000e+03
2.152000000000000000e+03
2.197000000000000000e+03
2.005000000000000000e+03
2.043000000000000000e+03
2.137000000000000000e+03
2.464000000000000000e+03
2.200000000000000000e+03
1.667000000000000000e+03
1.855000000000000000e+03
2.402000000000000000e+03
1.778000000000000000e+03
2.156000000000000000e+03
1.964000000000000000e+03
2.082000000000000000e+03
2.130000000000000000e+03
2.109000000000000000e+03
2.937000000000000000e+03
2.668000000000000000e+03
2.689000000000000000e+03
3.295000000000000000e+03
3.204000000000000000e+03
2.380000000000000000e+03
3.321000000000000000e+03
3.626000000000000000e+03
3.144000000000000000e+03
2.715000000000000000e+03
3.367000000000000000e+03
2.917000000000000000e+03
2.534000000000000000e+03
3.107000000000000000e+03
2.923000000000000000e+03
3.606000000000000000e+03
2.226000000000000000e+03
3.200000000000000000e+03
2.111000000000000000e+03
4.000000000000000000e+03
3.009000000000000000e+03
2.337000000000000000e+03
2.278000000000000000e+03
2.205000000000000000e+03
4.000000000000000000e+03
3.037000000000000000e+03
2.901000000000000000e+03
3.553000000000000000e+03
2.120000000000000000e+03
4.000000000000000000e+03
4.000000000000000000e+03
2.093000000000000000e+03
3.374000000000000000e+03
2.554000000000000000e+03
2.515000000000000000e+03
3.327000000000000000e+03
3.980000000000000000e+03
2.532000000000000000e+03
4.000000000000000000e+03
3.264000000000000000e+03
2.585000000000000000e+03
3.641000000000000000e+03
3.544000000000000000e+03
2.139000000000000000e+03
2.891000000000000000e+03
3.059000000000000000e+03
3.316000000000000000e+03
3.372000000000000000e+03
2.492000000000000000e+03
2.991000000000000000e+03
2.188000000000000000e+03
1.801000000000000000e+03
3.074000000000000000e+03
3.096000000000000000e+03
1.821000000000000000e+03
2.650000000000000000e+03
2.679000000000000000e+03
2.628000000000000000e+03
3.072000000000000000e+03
2.061000000000000000e+03
4.000000000000000000e+03
4.000000000000000000e+03
2.711000000000000000e+03
3.010000000000000000e+03
2.723000000000000000e+03
2.858000000000000000e+03
4.000000000000000000e+03
3.148000000000000000e+03
4.000000000000000000e+03
4.000000000000000000e+03
3.188000000000000000e+03
2.801000000000000000e+03
4.000000000000000000e+03
3.815000000000000000e+03
2.969000000000000000e+03
3.186000000000000000e+03
2.895000000000000000e+03
2.931000000000000000e+03
3.400000000000000000e+03
4.000000000000000000e+03
3.773000000000000000e+03
3.717000000000000000e+03
3.272000000000000000e+03
2.100000000000000000e+03
3.429000000000000000e+03
2.166000000000000000e+03
3.597000000000000000e+03
2.890000000000000000e+03
2.113000000000000000e+03
2.812000000000000000e+03
2.384000000000000000e+03
2.003000000000000000e+03
3.418000000000000000e+03
2.662000000000000000e+03
4.000000000000000000e+03
4.000000000000000000e+03
4.000000000000000000e+03
3.043000000000000000e+03
2.906000000000000000e+03
2.772000000000000000e+03
4.000000000000000000e+03
2.751000000000000000e+03
3.897000000000000000e+03
2.374000000000000000e+03
3.867000000000000000e+03
3.491000000000000000e+03
3.432000000000000000e+03
2.007000000000000000e+03
2.219000000000000000e+03
2.518000000000000000e+03
2.844000000000000000e+03
2.287000000000000000e+03
4.000000000000000000e+03
4.000000000000000000e+03
2.248000000000000000e+03
3.260000000000000000e+03
2.880000000000000000e+03
2.020000000000000000e+03
2.907000000000000000e+03
3.240000000000000000e+03
4.000000000000000000e+03
3.330000000000000000e+03
3.772000000000000000e+03
2.879000000000000000e+03
4.000000000000000000e+03
4.000000000000000000e+03
1.958000000000000000e+03
3.284000000000000000e+03
2.424000000000000000e+03
1.620000000000000000e+03
2.536000000000000000e+03
1.701000000000000000e+03
3.623000000000000000e+03
2.901000000000000000e+03
2.461000000000000000e+03
4.000000000000000000e+03
2.480000000000000000e+03
4.000000000000000000e+03
4.000000000000000000e+03
1.979000000000000000e+03
