nan
nan
1.180526975963426750e+01
8.468094960502956070e+00
6.283786094188689830e+00
5.874318068027496231e+00
8.044118354320525910e+00
1.151976503610610969e+01
1.358735641956329410e+01
1.117108567237854011e+01
9.043201241493225240e+00
8.375307931900024982e+00
9.193800964355467897e+00
9.506408448219298535e+00
8.965531082153320952e+00
8.010215358734130930e+00
6.648720178604126119e+00
5.208297970294952783e+00
5.512993822097778107e+00
5.749971277713775919e+00
5.212151961326599192e+00
4.560927050113678050e+00
3.922981033325195099e+00
3.922097105979919451e+00
4.077087874412536728e+00
4.720457322597503946e+00
4.947598598003387416e+00
3.642197953462600779e+00
3.118906604051590037e+00
3.262404434680938881e+00
3.084405103921890046e+00
2.993600883483886754e+00
2.663757807016372769e+00
2.589949626326561116e+00
2.568096770644187732e+00
2.484230196475982755e+00
2.743706016540527148e+00
3.198082760572433347e+00
2.392604932188987732e+00
1.503241413235664403e+00
1.689342759847640929e+00
2.141898793578147941e+00
1.860182116031646737e+00
1.451288781166076625e+00
1.454938899278640729e+00
1.524277566075324941e+00
1.507573779225349409e+00
1.626123147010803294e+00
1.777626905441284100e+00
2.114097311496734743e+00
2.657963702678680207e+00
3.134953275918960447e+00
3.211666541099548411e+00
2.329721328020095683e+00
1.753483358621597210e+00
1.469674623608589137e+00
1.240092636942863535e+00
9.430126661062240290e-01
7.757591736316681308e-01
8.922702723741531283e-01
1.402321132421493477e+00
1.137148201167583528e+00
9.131336373090743752e-01
1.537904873788356719e+00
1.359215531349182049e+00
1.097101601958274886e+00
9.694812119007110152e-01
8.916334590315818653e-01
4.472906772047281487e-01
6.586736645549535751e-01
9.942499807476997686e-01
6.761872202157974687e-01
7.544420102238654779e-01
8.751053529977798062e-01
7.725660854578018100e-01
7.055524459481239408e-01
5.733014628291129844e-01
4.783305759727954909e-01
5.758199678361415330e-01
7.808743897080421270e-01
5.287368537485599429e-01
2.465841907262802113e-01
3.683965486288070523e-01
4.056124892830848538e-01
5.073585966229439137e-01
4.592683398723602095e-01
2.416874915361404419e-01
4.647217868268490037e-01
4.207220457121729762e-01
3.733584577217697875e-01
7.646928054094314087e-01
9.853374058008194103e-01
7.465333684533834724e-01
2.191208896785974414e-01
2.258401714265346472e-01
2.170441769063472803e-01
2.377894806116819248e-01
3.491674906015396207e-01
2.746583114564418726e-01
3.386637413501739635e-01
2.505940846353769125e-01
2.652549554407596655e-01
5.326136764883995234e-01
8.754995220899581820e-01
8.869534376263618070e-01
3.289792908728122467e-01
2.273616742342710606e-01
3.242994278669357189e-01
4.139843496680259971e-01
3.587851764261722476e-01
2.188411245495081037e-01
2.014836326986551296e-01
1.469435560703277466e-01
1.055252569913864152e-01
1.122701454907655688e-01
1.378754659369587909e-01
1.382465806603431768e-01
1.515800943225622255e-01
1.330818324163555999e-01
1.202580522373318667e-01
4.218511777743697011e-01
4.253903868701309210e-01
2.867589013185352087e-01
2.746007230877876015e-01
1.587258813530206814e-01
1.384327880293130808e-01
1.151560650765895838e-01
1.895581331104040090e-01
4.056598084419965611e-01
2.572392676025628822e-01
5.130044187605381500e-01
5.027479086816311060e-01
3.772747927904129273e-01
5.861884811520576832e-01
3.514496290683746249e-01
2.520925454795360787e-01
3.757461446523666648e-01
5.021941539645194963e-01
7.948309674859046492e-01
6.282639443874359353e-01
4.791166302561760126e-01
6.021951851248741328e-01
4.356812411546707176e-01
2.571691916137933687e-01
8.467520484700799543e-02
1.304713357612490576e-01
1.842389669641852357e-01
7.527971174567937851e-02
6.267011724412441254e-02
7.769047502428293173e-02
7.229701261967420856e-02
7.265177356079220716e-02
1.262455441616475715e-01
3.287347222119569867e-01
3.277175433933735005e-01
1.303261199966073147e-01
2.958218143880367301e-01
2.924761426448821977e-01
3.822676067054271432e-01
3.034893928468227475e-01
1.854624943062662956e-01
3.362442875653505192e-01
6.159824914298951681e-02
1.378927577659487813e-01
2.887440647929906956e-01
3.461216665804386361e-01
4.112864349782466844e-01
5.086232289671898110e-01
4.330979278683662614e-01
2.924756580591201804e-01
2.155802118778228638e-01
1.346061088889837221e-01
1.975110225006938003e-01
3.302150967717170649e-01
1.863434216566383916e-01
8.239345612004399244e-02
2.681593297421931976e-01
2.836036127060651557e-01
1.113718402385711626e-01
6.044299380853772330e-02
6.905905123800039347e-02
1.014130622893571892e-01
1.003439772874116925e-01
1.285166032239794809e-01
1.323139477893710003e-01
4.353682293370366163e-01
4.888638548552989849e-01
2.532946854829788430e-01
1.647824992984533443e-01
1.313663383200764645e-01
1.376434271410107713e-01
1.800703154131770012e-01
1.921028659492731161e-01
1.785401642322540228e-01
1.485764875635504634e-01
8.114261914044618162e-02
7.925131006166338810e-02
1.946829582750797261e-01
2.505207089893519701e-01
2.114998049102723710e-01
