-1.931827852852762589e+04
-1.876302739311185724e+04
-1.336515062615091119e+04
-2.015756452152220299e+04
-2.291730946697001855e+04
-3.467994878717344545e+04
-3.501808158235628071e+04
-2.555841532925807405e+04
-3.791112668082299933e+04
-3.473333207687208051e+04
-2.148215179806102969e+04
-3.276229910721393389e+04
-2.020235950727496311e+04
-3.406242010834927351e+04
-2.678008311520252391e+04
-2.484190831605215863e+04
-3.074352969264081912e+04
-2.526958188545495796e+04
-2.467230464169182233e+04
-2.881189252181612028e+04
-1.968745169401033854e+04
-2.615071031336923261e+04
-2.459605472120100967e+04
-2.616100797489181787e+04
-3.261940596554401418e+04
-1.629766377969346468e+04
-1.715182617060619305e+04
-2.223071535015119662e+04
-1.829651457840494550e+04
-2.295623353338442757e+04
-1.262265727463362782e+04
-1.361416841140821089e+04
-9.850081624050601022e+03
-2.021873789312858207e+04
-1.192893153268704737e+04
-2.814588889374926657e+04
-1.613993455728833942e+04
-1.637115051209272133e+04
-1.530342248022082822e+04
-1.448486071793440897e+04
-1.523705862739264740e+04
-9.969189282070230547e+03
-1.381067079551478673e+04
-1.208857667751099143e+04
-1.612506974971223281e+04
-1.530461643709290183e+04
-1.776112606001020686e+04
-1.972140300693424069e+04
-1.913046923788971253e+04
-1.473482305859732696e+04
-3.302386922135984059e+04
-7.401107485323917899e+03
-1.499689697331929710e+04
-1.044018256303177441e+04
-7.870545910199261016e+03
-1.686361397019393189e+04
-6.892386580901751586e+03
-1.103329209722504675e+04
-1.908193833484056449e+04
-1.193328931049512903e+04
-1.897474644881935819e+04
-1.413832152015581232e+04
-1.436201417980930819e+04
-1.731263702831346745e+04
-1.463209067197098011e+04
-1.016991387185403983e+04
-1.953034375178656774e+04
-1.504953955713452342e+04
-1.808273019971013491e+04
-1.671017932440337609e+04
-1.778038359755688725e+04
-2.318396778968214858e+04
-1.550869212806481846e+04
-2.421197042326695009e+04
-2.423829518583823665e+04
-2.144372518426605529e+04
-1.077877524490167525e+04
-3.239353869073916576e+04
-9.131475684861170521e+03
-2.187340448091960934e+04
-2.406021993436782213e+04
-1.374609153583223997e+04
-1.234967579712449333e+04
-1.586121153555976343e+04
-2.835533035109100820e+04
-2.307351419902524503e+04
-1.818722064609871450e+04
-1.591548794746585008e+04
-1.169304938906224561e+04
-2.151291786906169364e+04
-3.001094812734545485e+04
-1.182027855278701645e+04
-1.652248156269987885e+04
-1.339485532897478879e+04
-1.792082896972854360e+04
-2.142074246967205909e+04
-2.073007074469608051e+04
-2.200764677171989388e+04
-3.121499448946607663e+04
-1.628309507495542857e+04
-1.760717002994296854e+04
-1.926590004110792870e+04
-3.202444261625540821e+04
-1.388729750825853444e+04
-1.334550613396017434e+04
-2.566838950291145011e+04
-1.493188000348948481e+04
-1.622098376984976312e+04
-2.101777704101595009e+04
-2.198315707545058831e+04
-1.466153339318988947e+04
-8.270038127397274366e+03
-1.674562657653937640e+04
-2.135662965911086576e+04
-1.147433016122686240e+04
-2.007336034182436197e+04
-1.597073028700363830e+04
-2.307801658500079793e+04
-1.791100227500547771e+04
-1.379654613461355984e+04
-3.683659800982419983e+04
-2.041438349393130920e+04
-2.319972919134972108e+04
-2.220846969436926520e+04
-9.159721872954120045e+03
-1.424369977700460549e+04
-3.066179355816623502e+04
-2.117653219152405654e+04
-2.271521136466316966e+04
-4.115704049375166505e+04
-1.325323539802844607e+04
-1.274768657606028864e+04
-3.830619143326360063e+04
-2.652884543370104439e+04
-2.420446742293299758e+04
-2.522900780872669202e+04
-1.588178167729214147e+04
-1.719037506109584501e+04
-2.293646624233615512e+04
-2.197411323903152515e+04
-3.340978969036382477e+04
-2.584403590870858898e+04
-2.284753605908689497e+04
-1.196995144215219079e+04
-2.243071640702363948e+04
-1.654691191189918027e+04
-2.083260019492067295e+04
-2.098179770247176566e+04
-1.152462358878775194e+04
-1.387609215404659153e+04
-1.687808496294298675e+04
-1.017018647491935371e+04
-3.031633515912879375e+04
-1.634970247526963249e+04
-2.900906962148006642e+04
-3.539249639539296913e+04
-2.702864908258782089e+04
-1.772371840527421591e+04
-1.403340121448052741e+04
-2.574805993711004339e+04
-3.362426616797484166e+04
-1.035674554923587857e+04
-2.630620234574839560e+04
-1.404718584316825763e+04
-2.808883596441384361e+04
-1.880538568605582986e+04
-3.041335351716915829e+04
-7.755185802551126471e+03
-8.701237986966798417e+03
-9.243495860366576380e+03
-1.409283001763712309e+04
-3.706623341077821351e+03
-3.017483896109957277e+04
-1.575645228514930568e+04
-1.530581021726274776e+04
-1.587701743892581726e+04
-1.054689355588540639e+04
-1.107675181805842294e+04
-1.550723390833770645e+04
-1.967402874612852975e+04
-2.740893497230642242e+04
-2.847754071166371068e+04
-1.909785596601619545e+04
-2.566566166905389400e+04
-1.795933788611700220e+04
-2.735733325723220696e+04
-7.183967511873743206e+03
-8.516358260099597828e+03
-9.700990485044278103e+03
-1.079104420143261223e+03
-1.327571327713062783e+04
-1.021590691054877243e+04
-1.136877116645145361e+04
-2.654078105393391888e+04
-1.574735502022454602e+04
-2.485135080710492184e+04
-1.888455988411035287e+04
-3.421746878431383084e+04
-1.518759203883144801e+04
-1.263231518500686070e+04
