4.181000000000000000e+03
4.029000000000000000e+03
3.255000000000000000e+03
3.212000000000000000e+03
3.932000000000000000e+03
3.492000000000000000e+03
3.139000000000000000e+03
1.651000000000000000e+03
1.610000000000000000e+03
7.540000000000000000e+02
7.580000000000000000e+02
7.950000000000000000e+02
7.660000000000000000e+02
7.110000000000000000e+02
7.750000000000000000e+02
1.617000000000000000e+03
1.005000000000000000e+03
7.340000000000000000e+02
1.631000000000000000e+03
9.250000000000000000e+02
1.194000000000000000e+03
1.550000000000000000e+03
9.100000000000000000e+02
9.750000000000000000e+02
1.048000000000000000e+03
1.094000000000000000e+03
6.960000000000000000e+02
7.160000000000000000e+02
1.062000000000000000e+03
7.060000000000000000e+02
1.074000000000000000e+03
8.800000000000000000e+02
7.410000000000000000e+02
9.090000000000000000e+02
6.500000000000000000e+02
9.810000000000000000e+02
6.560000000000000000e+02
8.700000000000000000e+02
6.750000000000000000e+02
6.590000000000000000e+02
7.160000000000000000e+02
6.880000000000000000e+02
8.300000000000000000e+02
1.662000000000000000e+03
8.320000000000000000e+02
6.660000000000000000e+02
1.116000000000000000e+03
6.170000000000000000e+02
8.720000000000000000e+02
7.180000000000000000e+02
6.560000000000000000e+02
1.152000000000000000e+03
6.970000000000000000e+02
1.065000000000000000e+03
7.580000000000000000e+02
6.520000000000000000e+02
1.477000000000000000e+03
6.550000000000000000e+02
6.990000000000000000e+02
7.510000000000000000e+02
7.980000000000000000e+02
6.620000000000000000e+02
6.450000000000000000e+02
8.460000000000000000e+02
7.680000000000000000e+02
8.720000000000000000e+02
8.450000000000000000e+02
6.200000000000000000e+02
1.225000000000000000e+03
6.330000000000000000e+02
1.624000000000000000e+03
6.470000000000000000e+02
8.490000000000000000e+02
6.400000000000000000e+02
6.330000000000000000e+02
8.830000000000000000e+02
6.650000000000000000e+02
1.139000000000000000e+03
7.510000000000000000e+02
1.263000000000000000e+03
6.920000000000000000e+02
9.950000000000000000e+02
8.770000000000000000e+02
1.100000000000000000e+03
6.840000000000000000e+02
7.740000000000000000e+02
8.690000000000000000e+02
6.900000000000000000e+02
9.850000000000000000e+02
9.290000000000000000e+02
7.680000000000000000e+02
1.011000000000000000e+03
8.650000000000000000e+02
6.620000000000000000e+02
5.940000000000000000e+02
6.850000000000000000e+02
5.440000000000000000e+02
8.470000000000000000e+02
9.010000000000000000e+02
8.190000000000000000e+02
1.164000000000000000e+03
6.480000000000000000e+02
7.460000000000000000e+02
9.570000000000000000e+02
1.286000000000000000e+03
7.890000000000000000e+02
7.710000000000000000e+02
7.560000000000000000e+02
7.980000000000000000e+02
5.950000000000000000e+02
6.710000000000000000e+02
1.035000000000000000e+03
6.710000000000000000e+02
1.003000000000000000e+03
9.170000000000000000e+02
9.770000000000000000e+02
8.720000000000000000e+02
9.220000000000000000e+02
5.400000000000000000e+02
8.690000000000000000e+02
7.780000000000000000e+02
6.320000000000000000e+02
8.190000000000000000e+02
7.980000000000000000e+02
9.290000000000000000e+02
9.170000000000000000e+02
5.270000000000000000e+02
9.810000000000000000e+02
1.455000000000000000e+03
6.740000000000000000e+02
2.015000000000000000e+03
6.130000000000000000e+02
6.060000000000000000e+02
5.000000000000000000e+02
1.109000000000000000e+03
1.058000000000000000e+03
5.030000000000000000e+02
8.590000000000000000e+02
7.720000000000000000e+02
6.220000000000000000e+02
5.090000000000000000e+02
5.180000000000000000e+02
4.820000000000000000e+02
5.380000000000000000e+02
5.660000000000000000e+02
5.390000000000000000e+02
6.900000000000000000e+02
6.710000000000000000e+02
5.650000000000000000e+02
6.230000000000000000e+02
6.080000000000000000e+02
6.880000000000000000e+02
7.310000000000000000e+02
8.470000000000000000e+02
6.050000000000000000e+02
4.970000000000000000e+02
5.090000000000000000e+02
5.510000000000000000e+02
7.110000000000000000e+02
5.520000000000000000e+02
6.220000000000000000e+02
4.570000000000000000e+02
9.500000000000000000e+02
4.980000000000000000e+02
5.280000000000000000e+02
5.970000000000000000e+02
6.890000000000000000e+02
4.900000000000000000e+02
7.170000000000000000e+02
6.840000000000000000e+02
6.160000000000000000e+02
6.860000000000000000e+02
5.960000000000000000e+02
4.570000000000000000e+02
5.140000000000000000e+02
8.330000000000000000e+02
5.760000000000000000e+02
3.930000000000000000e+02
1.328000000000000000e+03
4.200000000000000000e+02
2.870000000000000000e+02
4.170000000000000000e+02
6.480000000000000000e+02
4.770000000000000000e+02
4.910000000000000000e+02
3.960000000000000000e+02
4.880000000000000000e+02
4.240000000000000000e+02
4.810000000000000000e+02
5.300000000000000000e+02
4.100000000000000000e+02
3.710000000000000000e+02
4.030000000000000000e+02
1.228000000000000000e+03
4.780000000000000000e+02
5.390000000000000000e+02
5.120000000000000000e+02
4.610000000000000000e+02
4.930000000000000000e+02
3.520000000000000000e+02
