nan
nan
nan
nan
nan
nan
4.003924503922462463e-02
4.188279807567596436e-01
6.109694838523864746e-01
5.447185635566711426e-01
4.456961452960968018e-01
4.233889877796173096e-01
4.946123361587524414e-01
3.942002058029174805e-01
5.114293098449707031e-01
4.437358081340789795e-01
3.662240207195281982e-01
4.933008849620819092e-01
5.950371026992797852e-01
3.996895551681518555e-01
4.582459330558776855e-01
4.919048845767974854e-01
4.632426500320434570e-01
4.637904167175292969e-01
5.228382945060729980e-01
3.488558232784271240e-01
3.940786719322204590e-01
4.752652645111083984e-01
4.783838689327239990e-01
5.085976719856262207e-01
4.462150335311889648e-01
5.546715259552001953e-01
3.564770817756652832e-01
5.005636811256408691e-01
4.642528891563415527e-01
4.867014288902282715e-01
4.383228421211242676e-01
4.436299502849578857e-01
4.970113337039947510e-01
5.798345208168029785e-01
5.782794356346130371e-01
5.858474969863891602e-01
6.187886595726013184e-01
8.181975483894348145e-01
5.401886105537414551e-01
6.820082664489746094e-01
6.192623972892761230e-01
6.500704288482666016e-01
6.495649218559265137e-01
8.388295769691467285e-01
6.038309931755065918e-01
6.363047957420349121e-01
8.183017373085021973e-01
7.679988741874694824e-01
8.423448204994201660e-01
8.443198204040527344e-01
9.312061071395874023e-01
8.105217218399047852e-01
8.151724338531494141e-01
7.451183795928955078e-01
8.491421937942504883e-01
9.985328912734985352e-01
8.562262654304504395e-01
9.193642139434814453e-01
7.819916009902954102e-01
9.113330841064453125e-01
7.634739875793457031e-01
9.294871091842651367e-01
9.527062773704528809e-01
7.930237054824829102e-01
1.005870819091796875e+00
9.111809134483337402e-01
9.908032417297363281e-01
1.036467075347900391e+00
1.248336672782897949e+00
1.141758084297180176e+00
1.027662515640258789e+00
1.130095005035400391e+00
1.053159594535827637e+00
1.146536350250244141e+00
1.195633769035339355e+00
1.111124396324157715e+00
1.122430205345153809e+00
1.135879635810852051e+00
1.388231873512268066e+00
1.089017748832702637e+00
1.212794899940490723e+00
1.228365421295166016e+00
1.264738798141479492e+00
1.246050238609313965e+00
1.300823330879211426e+00
1.358543276786804199e+00
1.241009950637817383e+00
1.344630956649780273e+00
1.485954642295837402e+00
1.351092934608459473e+00
1.453184843063354492e+00
1.333374977111816406e+00
1.529422998428344727e+00
1.559918761253356934e+00
1.433617830276489258e+00
1.445762515068054199e+00
1.548349857330322266e+00
1.544514894485473633e+00
1.490919828414916992e+00
1.539812684059143066e+00
1.865096688270568848e+00
1.572665572166442871e+00
1.779065370559692383e+00
1.682925820350646973e+00
1.812028050422668457e+00
1.689165234565734863e+00
1.616287708282470703e+00
1.628890633583068848e+00
1.759066104888916016e+00
1.763866662979125977e+00
1.675103783607482910e+00
1.738879442214965820e+00
1.715228080749511719e+00
1.846057772636413574e+00
1.854494214057922363e+00
1.805472493171691895e+00
2.051819086074829102e+00
1.762279868125915527e+00
1.942175507545471191e+00
2.002954483032226562e+00
1.932643175125122070e+00
1.952869415283203125e+00
2.115782499313354492e+00
1.916656851768493652e+00
2.068971872329711914e+00
2.087829351425170898e+00
1.943353652954101562e+00
1.853229761123657227e+00
2.052659988403320312e+00
2.181712627410888672e+00
2.059040069580078125e+00
2.162080526351928711e+00
2.264103889465332031e+00
2.137362957000732422e+00
2.325122356414794922e+00
2.529009342193603516e+00
2.324096679687500000e+00
2.261610984802246094e+00
2.073860883712768555e+00
2.333049774169921875e+00
2.656888961791992188e+00
2.388811111450195312e+00
2.484486341476440430e+00
2.384849548339843750e+00
2.047191619873046875e+00
2.609822988510131836e+00
2.277812480926513672e+00
2.490885496139526367e+00
2.528652667999267578e+00
2.215773344039916992e+00
2.645989656448364258e+00
2.390606164932250977e+00
2.760692119598388672e+00
2.660475254058837891e+00
2.696208238601684570e+00
2.710738658905029297e+00
2.795341491699218750e+00
2.857721328735351562e+00
2.597464084625244141e+00
2.742264032363891602e+00
2.669975280761718750e+00
2.676008701324462891e+00
2.938418865203857422e+00
2.491789102554321289e+00
2.720327615737915039e+00
2.718833923339843750e+00
2.635450601577758789e+00
2.886862516403198242e+00
2.894303798675537109e+00
2.660025596618652344e+00
3.010024547576904297e+00
2.758118152618408203e+00
3.345644712448120117e+00
2.746690034866333008e+00
2.917580127716064453e+00
2.938388586044311523e+00
2.923676013946533203e+00
2.796121835708618164e+00
3.243820905685424805e+00
2.960037946701049805e+00
3.287272930145263672e+00
2.853874921798706055e+00
3.234068632125854492e+00
3.107670307159423828e+00
2.972571611404418945e+00
2.969252109527587891e+00
3.035119771957397461e+00
3.268685102462768555e+00
3.153894186019897461e+00
3.152861833572387695e+00
3.520436763763427734e+00
3.141862392425537109e+00
3.026141881942749023e+00
3.256660938262939453e+00
