2.804184284876623856e+00
3.233315468039241747e+00
3.582523385581879438e+00
3.812277659271496422e+00
3.150761493373260613e+00
3.562204142644824767e+00
4.082243042540843803e+00
2.973695230991624694e+00
3.580135747423820014e+00
6.010194011310735718e+00
6.163449672913500876e+00
5.300322685923923416e+00
5.851402031072854726e+00
6.219029369332272239e+00
6.037178111749102349e+00
3.205807121658289738e+00
4.389962161389990847e+00
6.035476644507111743e+00
3.043283206818866216e+00
5.408658252874443129e+00
4.546081007255317274e+00
3.334259175290460231e+00
5.150569403921034350e+00
4.681003723010634054e+00
3.461934048884763637e+00
3.475410184851723372e+00
6.203562082475309936e+00
6.193274003319706011e+00
3.801860683398944118e+00
6.123471927196929343e+00
4.210512921926571117e+00
5.473067847774869321e+00
6.504269678412835987e+00
5.265190849418728725e+00
6.396468248609047613e+00
5.217263363405765020e+00
6.083053889031100780e+00
5.344994046929997467e+00
6.324468914726498525e+00
6.366325467662015569e+00
5.943174005878210764e+00
6.392598114807302778e+00
5.418427821344593553e+00
2.763331712771754045e+00
5.224583371586454028e+00
6.258569631871963246e+00
3.812795103344583048e+00
6.625389025301818613e+00
4.716615980688845688e+00
5.489308251766247260e+00
5.986468645831594770e+00
2.961517728273687755e+00
6.150651499523205779e+00
4.046925281238054062e+00
4.757464016768653714e+00
6.497122461444592822e+00
3.300258959648235901e+00
6.304336627079094590e+00
6.047205082224147432e+00
5.275812970199190488e+00
4.995057568808696224e+00
6.023684396345688086e+00
5.693903622482733518e+00
5.008074919301138017e+00
4.796966186963357970e+00
4.435296183252809499e+00
4.963997161822833348e+00
6.325886700771134130e+00
2.495815838852969648e+00
6.271842022104279657e+00
2.164250579708788536e+00
6.058664157821664453e+00
4.798168901062479286e+00
5.671886392325476756e+00
6.050514337346463378e+00
3.975938058069388603e+00
5.882684478011697138e+00
3.530520440969559193e+00
5.034817678980871847e+00
3.102062414209729724e+00
5.187288988158308634e+00
3.267229824993911791e+00
4.193691550944827817e+00
3.911124713729293934e+00
4.772208545822546277e+00
5.195523825735612888e+00
4.087712547376577632e+00
5.513021239584485755e+00
3.504242969653178275e+00
3.403224469221448611e+00
4.939718969915975144e+00
3.660509455092415987e+00
3.954706203448890012e+00
5.003026229683713133e+00
5.914136411339512733e+00
5.165009996761213529e+00
5.799536520917823346e+00
3.942923722089278993e+00
3.891258000003149586e+00
3.709680954098648176e+00
3.486693254312098311e+00
5.046502904168080228e+00
4.607280340934125640e+00
4.440641702387815748e+00
2.514681592735828808e+00
3.433730566036131471e+00
5.095619350638994405e+00
3.800460794550575727e+00
4.354307683835427767e+00
5.616157231211259315e+00
4.508672717652313366e+00
3.728148902079336580e+00
4.692461998348570695e+00
3.470890448237129888e+00
3.804963649541988513e+00
3.281874409350512778e+00
4.206823180780029148e+00
3.983795870321578114e+00
5.839194068094235135e+00
4.038339111965861150e+00
4.063926580549612311e+00
4.147217547714793007e+00
3.207878192252160421e+00
4.098338599668421622e+00
3.184497546099095633e+00
4.052052245112929718e+00
6.021111237147043660e+00
3.603478132433851400e+00
2.394221488432535239e+00
4.668947080697403607e+00
2.174182549983244783e+00
5.214400312962947481e+00
4.651760036501132234e+00
6.059799257028177344e+00
3.215840433005909382e+00
2.692226019829144779e+00
6.210105566235191610e+00
3.608602988514921783e+00
4.542779160820495044e+00
4.598747888881728585e+00
4.962206487822105494e+00
5.902255306601432494e+00
5.355303637393650895e+00
5.093285261633756278e+00
5.217052084994930006e+00
4.871290959871086734e+00
3.948410685582067536e+00
4.283763654747472671e+00
5.044390164008272670e+00
4.587202902427911511e+00
4.306007716915146055e+00
3.428927041439602252e+00
3.778415643005936797e+00
3.630819103220200628e+00
4.818056577688622610e+00
4.804404099749505441e+00
4.913447770662982883e+00
4.456120852971330315e+00
3.468526731128473983e+00
4.833371682358247767e+00
4.075421277964767164e+00
5.285842721972851876e+00
3.327054156445665267e+00
5.327317655206507574e+00
5.224318451141624742e+00
4.741981636716113613e+00
3.879184079989192568e+00
4.509408923125223900e+00
3.590226917800653617e+00
4.154637773611234763e+00
4.561573848367041606e+00
3.616177319646333377e+00
4.762672122232767258e+00
5.442635033467460914e+00
4.559107604353490828e+00
2.934132266579915438e+00
3.529515651264442777e+00
6.255967299643973689e+00
2.347816410069991644e+00
5.339858400121185511e+00
6.787460485172916336e+00
5.430901049662860913e+00
3.370745361187812872e+00
4.665434114249029207e+00
4.935960650455216481e+00
5.121882263955224168e+00
4.154971264140797871e+00
4.846699667439144932e+00
4.812094522216870729e+00
4.298453885695270316e+00
5.272566600403890469e+00
5.969578834707937709e+00
4.719432780725588472e+00
2.209051984775116217e+00
4.520167643443715910e+00
4.195219029464687388e+00
4.172327043578546224e+00
4.176552210362822315e+00
4.975885799532476561e+00
5.661879227471692033e+00
