6.277087785564302976e+03
6.317798346677289373e+03
6.263607433362295524e+03
6.294068330163950122e+03
6.282050365281122140e+03
6.356143824591347766e+03
5.907808824099152844e+03
3.516895505476234121e+03
3.030876624536794679e+03
2.841296931459741700e+03
2.909145415195365786e+03
2.918511728883569504e+03
2.933900018063583502e+03
2.862411433142974147e+03
2.853191238492996945e+03
3.330733745634997376e+03
3.021022794611455083e+03
2.914124586392857964e+03
3.201366155879591133e+03
2.991838201335134272e+03
3.062664078404899556e+03
3.088364581796469793e+03
2.898497043365455738e+03
2.942732551660725676e+03
2.996823886960843538e+03
3.007880670980114246e+03
2.862681500177436646e+03
2.919713064711413153e+03
3.058488217663519663e+03
2.827287291492212717e+03
2.977872692672087396e+03
2.771167342704453404e+03
2.845403148076492926e+03
2.908092581655055255e+03
2.814629181063397482e+03
2.897816138449853042e+03
2.786065011656580282e+03
2.927141041503232373e+03
2.787152953597533269e+03
2.916322314799004289e+03
2.890864308930984862e+03
2.923819661430597534e+03
2.870033415068189242e+03
3.086094862084424221e+03
2.757079184741248355e+03
2.688968771923695840e+03
3.012874945907621623e+03
2.824033801404715177e+03
3.131275184819115566e+03
2.884637791965571523e+03
2.684267283066584696e+03
3.075013800773596358e+03
3.087794723570557835e+03
3.049723505746421779e+03
2.950770145899689396e+03
2.965448568321702624e+03
2.961173274480748660e+03
2.841092932567972184e+03
2.794634035265721650e+03
2.600705468006901810e+03
2.980242788971755090e+03
2.811113334662282796e+03
3.015771060171281533e+03
2.998939041170595829e+03
2.898863687441713864e+03
3.316224860149032338e+03
3.158634978054255953e+03
2.797451146900733420e+03
3.104401643227630757e+03
2.807189973326758718e+03
3.290389447572055815e+03
2.927494857760215382e+03
3.149082814520450938e+03
2.998294116303242845e+03
2.962012766747928254e+03
2.900267204282051352e+03
2.957098038010607524e+03
3.027628322327379919e+03
2.963254279349325770e+03
2.820656514062449332e+03
3.360908033043890100e+03
2.971285553097038246e+03
3.285177606737387123e+03
3.046649419086302714e+03
2.988397062102206746e+03
2.839500613916612110e+03
3.009713354929861907e+03
2.936614101855289391e+03
3.148267049428287464e+03
3.013582862904838294e+03
2.976963409803722243e+03
3.170319951330806362e+03
3.366528887909410059e+03
3.369413229245786169e+03
3.023807992217215542e+03
2.932787455759654222e+03
2.998927737372928277e+03
2.915543519880213807e+03
3.121285215092133967e+03
3.126647593325259550e+03
2.993115100547051497e+03
2.843054709887935587e+03
2.863157018447478549e+03
2.372673120627573553e+03
2.910357218259619003e+03
3.059457669296836229e+03
2.981336913330882908e+03
3.305815556109633690e+03
2.852105130948491478e+03
2.973088132035107265e+03
3.028800269661373022e+03
3.048620824444102709e+03
2.983581276346867526e+03
3.187614405192222421e+03
2.795051038144428276e+03
3.199003706815083660e+03
3.063797553439363583e+03
3.264849599860532180e+03
2.835365558578514992e+03
2.995595737736252431e+03
3.158599743090937409e+03
3.133940260381646112e+03
3.458310523867093707e+03
3.261835721364749588e+03
2.860736107771827392e+03
3.066113161698233853e+03
2.844728751434211517e+03
2.858777436303631021e+03
3.792805050101237157e+03
2.756031467404915475e+03
3.394830106785450880e+03
2.923703578277289125e+03
3.000068595754793023e+03
2.929106839915290948e+03
2.892329689847740610e+03
3.112739357233335340e+03
3.093020140705139966e+03
3.705266563748794397e+03
3.002237065638635613e+03
3.386927303421942270e+03
3.252575283118183052e+03
3.028853223836451889e+03
2.770859881739193497e+03
2.927530603679742399e+03
3.065817893622469910e+03
3.114535056411358255e+03
3.390786974376501803e+03
2.788571264676728788e+03
3.138390360575363047e+03
2.866192441565442550e+03
2.799851462755686953e+03
3.197859855357490687e+03
3.196253329427191602e+03
2.798970485911796004e+03
2.972731119235788810e+03
2.667400549043890351e+03
3.021841255232980984e+03
2.922214982171078645e+03
2.776774396976677508e+03
3.047481214533154343e+03
3.222209314163519139e+03
2.896727064556918322e+03
2.922806728942121936e+03
3.284598533560432315e+03
2.913881904377504725e+03
2.822723421739127843e+03
2.995606150423374856e+03
3.185967845603663591e+03
3.670721860105899850e+03
2.716162687668920626e+03
2.978480784173509164e+03
3.041424744763979561e+03
2.680189494140973693e+03
2.820500348705533270e+03
3.025447462415013433e+03
3.629473630977364792e+03
3.729543079301030048e+03
2.927605360128737175e+03
2.894817787440716074e+03
2.977603731504002099e+03
3.001513945751742540e+03
3.267190143578300194e+03
3.971862499262140773e+03
3.013667049551184846e+03
3.348757598816549489e+03
2.880279612742708650e+03
3.625860654229012653e+03
3.346593508265427772e+03
3.559210257913016903e+03
3.062373237601365872e+03
2.817816243584015410e+03
2.898634798240796954e+03
2.978201809085593595e+03
3.519168499181264451e+03
2.980754433231551502e+03
3.249964242312036731e+03
3.031663459347084881e+03
2.884378777487916523e+03
3.136586767141536711e+03
2.767115313862867424e+03
