1.655000000000000000e+03
1.420000000000000000e+03
1.452000000000000000e+03
1.430000000000000000e+03
1.420000000000000000e+03
1.423000000000000000e+03
1.273000000000000000e+03
1.964000000000000000e+03
1.710000000000000000e+03
1.188000000000000000e+03
1.166000000000000000e+03
1.214000000000000000e+03
1.200000000000000000e+03
1.179000000000000000e+03
1.187000000000000000e+03
1.281000000000000000e+03
1.176000000000000000e+03
1.187000000000000000e+03
1.249000000000000000e+03
1.199000000000000000e+03
1.232000000000000000e+03
1.242000000000000000e+03
1.180000000000000000e+03
1.164000000000000000e+03
2.071000000000000000e+03
2.042000000000000000e+03
1.177000000000000000e+03
1.202000000000000000e+03
1.642000000000000000e+03
1.194000000000000000e+03
1.587000000000000000e+03
1.169000000000000000e+03
1.208000000000000000e+03
1.219000000000000000e+03
1.163000000000000000e+03
1.192000000000000000e+03
1.167000000000000000e+03
1.194000000000000000e+03
1.186000000000000000e+03
1.172000000000000000e+03
1.258000000000000000e+03
1.151000000000000000e+03
1.187000000000000000e+03
1.601000000000000000e+03
1.267000000000000000e+03
1.187000000000000000e+03
1.664000000000000000e+03
1.167000000000000000e+03
1.272000000000000000e+03
1.173000000000000000e+03
1.248000000000000000e+03
2.481000000000000000e+03
1.176000000000000000e+03
1.610000000000000000e+03
1.517000000000000000e+03
1.182000000000000000e+03
1.474000000000000000e+03
1.178000000000000000e+03
1.158000000000000000e+03
1.294000000000000000e+03
1.184000000000000000e+03
1.251000000000000000e+03
1.230000000000000000e+03
1.258000000000000000e+03
1.332000000000000000e+03
1.257000000000000000e+03
1.201000000000000000e+03
1.157000000000000000e+03
2.865000000000000000e+03
1.171000000000000000e+03
2.493000000000000000e+03
1.156000000000000000e+03
1.287000000000000000e+03
1.283000000000000000e+03
1.242000000000000000e+03
1.368000000000000000e+03
1.228000000000000000e+03
1.772000000000000000e+03
1.179000000000000000e+03
1.549000000000000000e+03
1.358000000000000000e+03
1.879000000000000000e+03
1.442000000000000000e+03
1.248000000000000000e+03
1.454000000000000000e+03
1.181000000000000000e+03
1.460000000000000000e+03
1.269000000000000000e+03
1.537000000000000000e+03
1.805000000000000000e+03
1.269000000000000000e+03
1.592000000000000000e+03
1.610000000000000000e+03
1.438000000000000000e+03
1.272000000000000000e+03
1.247000000000000000e+03
1.147000000000000000e+03
1.733000000000000000e+03
1.346000000000000000e+03
1.469000000000000000e+03
1.506000000000000000e+03
1.200000000000000000e+03
1.467000000000000000e+03
1.256000000000000000e+03
2.276000000000000000e+03
1.920000000000000000e+03
1.178000000000000000e+03
1.474000000000000000e+03
1.622000000000000000e+03
1.193000000000000000e+03
1.586000000000000000e+03
1.253000000000000000e+03
1.384000000000000000e+03
1.556000000000000000e+03
1.561000000000000000e+03
1.761000000000000000e+03
1.343000000000000000e+03
1.393000000000000000e+03
1.177000000000000000e+03
1.368000000000000000e+03
1.502000000000000000e+03
1.242000000000000000e+03
1.581000000000000000e+03
1.444000000000000000e+03
1.639000000000000000e+03
1.242000000000000000e+03
1.150000000000000000e+03
1.529000000000000000e+03
1.894000000000000000e+03
1.202000000000000000e+03
2.476000000000000000e+03
1.208000000000000000e+03
1.385000000000000000e+03
1.185000000000000000e+03
1.630000000000000000e+03
2.335000000000000000e+03
1.151000000000000000e+03
1.614000000000000000e+03
1.229000000000000000e+03
1.513000000000000000e+03
1.504000000000000000e+03
1.164000000000000000e+03
1.333000000000000000e+03
1.194000000000000000e+03
1.218000000000000000e+03
1.358000000000000000e+03
1.608000000000000000e+03
1.597000000000000000e+03
1.215000000000000000e+03
1.276000000000000000e+03
1.528000000000000000e+03
1.775000000000000000e+03
1.488000000000000000e+03
1.687000000000000000e+03
1.228000000000000000e+03
1.416000000000000000e+03
1.354000000000000000e+03
1.440000000000000000e+03
1.806000000000000000e+03
1.237000000000000000e+03
1.556000000000000000e+03
1.375000000000000000e+03
1.443000000000000000e+03
1.235000000000000000e+03
1.251000000000000000e+03
1.240000000000000000e+03
1.488000000000000000e+03
1.350000000000000000e+03
1.589000000000000000e+03
1.582000000000000000e+03
1.322000000000000000e+03
1.632000000000000000e+03
1.338000000000000000e+03
1.192000000000000000e+03
1.390000000000000000e+03
2.029000000000000000e+03
1.721000000000000000e+03
1.155000000000000000e+03
2.511000000000000000e+03
1.201000000000000000e+03
1.317000000000000000e+03
1.311000000000000000e+03
1.718000000000000000e+03
1.386000000000000000e+03
1.277000000000000000e+03
1.335000000000000000e+03
1.345000000000000000e+03
1.388000000000000000e+03
1.205000000000000000e+03
1.571000000000000000e+03
1.248000000000000000e+03
1.190000000000000000e+03
1.438000000000000000e+03
2.497000000000000000e+03
1.408000000000000000e+03
1.274000000000000000e+03
1.779000000000000000e+03
1.555000000000000000e+03
1.210000000000000000e+03
1.321000000000000000e+03
