nan
nan
nan
nan
nan
nan
1.025532836914062500e+02
9.676018123626708700e+01
9.641342328045818988e+01
9.706005205426897930e+01
9.678708213806152116e+01
9.612670341491698878e+01
9.552467216491699276e+01
9.399910110473632585e+01
9.239809036254882812e+01
9.212306884765625625e+01
9.201356681823730810e+01
9.161355201721191577e+01
9.246806335449218750e+01
9.339347938537598282e+01
9.314366950988770100e+01
9.264112281799316406e+01
9.255456329345703637e+01
9.430493476867675895e+01
9.862181812286377180e+01
1.006140916824340792e+02
1.006240511322021547e+02
9.829646514892577613e+01
9.556328094482421420e+01
9.513833419799804858e+01
9.419288475036620412e+01
9.476351737976074219e+01
9.319397773742676350e+01
9.254499992370605810e+01
9.281943035125732422e+01
9.233904239654540902e+01
9.125218578338622422e+01
9.092243953704833359e+01
9.106596866607665675e+01
9.078665031433105526e+01
9.069635063171386946e+01
9.016774063110351278e+01
8.864698089599609432e+01
8.835679588317870525e+01
8.843229362487792855e+01
9.057691265106201683e+01
9.140086353302001498e+01
8.991562950134277798e+01
8.759350128173828409e+01
8.655193065643310035e+01
8.611194972991943075e+01
8.759544090270996719e+01
8.833120227813721215e+01
8.726553085327148551e+01
8.465136783599854198e+01
8.470713142395020157e+01
8.405491767883300724e+01
8.523200706481934219e+01
8.558730087280272869e+01
8.597919597625732990e+01
8.704926937103272166e+01
8.606142459869384709e+01
8.751793891906737599e+01
8.654831905364990519e+01
8.582525562286376442e+01
8.524358089447021314e+01
8.380579170227051122e+01
8.444168190002442032e+01
8.428092193603515625e+01
8.391598201751709496e+01
8.123225223541260220e+01
8.093008506774901889e+01
8.249034973144530625e+01
8.337016220092773722e+01
8.376706588745116733e+01
8.417729904174804290e+01
8.211478183746338289e+01
8.196097866058349268e+01
7.983637916564941861e+01
8.058062183380127408e+01
8.021760181427002578e+01
8.108333469390869652e+01
8.155304428100585312e+01
8.201194000244140625e+01
8.218677120208739950e+01
8.069893161773681811e+01
7.814512229919434105e+01
7.627460472106933764e+01
7.817781074523925611e+01
7.926566314697265625e+01
7.918607673645018963e+01
7.761450942993164404e+01
7.577965438842772983e+01
7.576710369110107024e+01
7.657798332214355241e+01
7.711603485107421818e+01
7.733843067169189567e+01
7.645451030731200603e+01
7.643951511383056641e+01
7.462401954650879077e+01
7.568785987854003849e+01
7.667344631195068416e+01
7.740588676452637173e+01
7.837953361511230810e+01
7.768888069152832543e+01
7.739774120330810092e+01
7.611691558837890170e+01
7.576743648529053132e+01
7.629171623229980526e+01
7.397891773223877010e+01
7.456594848632812500e+01
7.421522628784180142e+01
7.479887168884278026e+01
7.462264183044433707e+01
7.605897945404052507e+01
7.559319839477538494e+01
7.637583782196044524e+01
7.550843032836914404e+01
7.521294124603271314e+01
7.686170677185059219e+01
7.615024211883545036e+01
7.571460498809814510e+01
7.592642578125000341e+01
7.592572372436524120e+01
7.538497867584229084e+01
7.466863807678222997e+01
7.488661483764649063e+01
7.518884284973144361e+01
7.752557907104491619e+01
7.622524711608886605e+01
7.581318511962891193e+01
7.596417495727538949e+01
7.589916763305663494e+01
7.724079818725586222e+01
7.749940738677977947e+01
7.814950923919677450e+01
7.680289741516112656e+01
7.685300090789795036e+01
7.608918079376221044e+01
7.534609966278075888e+01
7.541439281463622990e+01
7.437324378967285554e+01
7.265839725494384993e+01
7.431011333465576740e+01
7.399335853576660327e+01
7.441003784179687841e+01
7.510453384399414745e+01
7.533674777984619197e+01
7.521004276275634481e+01
7.690639488220215014e+01
7.536138000488281818e+01
7.536980323791503622e+01
7.261807262420654752e+01
7.303939643859862940e+01
7.431124618530273551e+01
7.675398105621337663e+01
7.777741039276122592e+01
7.632030853271484716e+01
7.640607784271240632e+01
7.553528827667236101e+01
7.546480529785156932e+01
7.467050270080567032e+01
7.581564334869385391e+01
7.505107295989989780e+01
7.509434032440185547e+01
7.432492176055907862e+01
7.242376190185547102e+01
7.285259201049804290e+01
7.460454036712646086e+01
7.474575012207031932e+01
7.489241905212402628e+01
7.353556224822997933e+01
7.261751403808594318e+01
7.295105712890625682e+01
7.349227283477783601e+01
7.446614517211914119e+01
7.538280487060546875e+01
7.459243122100829737e+01
7.322644165039062614e+01
7.252253688812255916e+01
7.210139675140381144e+01
7.220437187194823991e+01
7.391126655578612770e+01
7.334974845886230810e+01
7.365231182098388274e+01
7.410358474731445710e+01
7.349983634948731037e+01
7.371081989288330760e+01
7.259401836395264240e+01
7.218205474853515113e+01
7.170653507232665902e+01
7.284252422332764354e+01
7.340374813079833416e+01
7.426803272247315135e+01
7.299698947906493629e+01
7.374567337036133097e+01
7.463849697113036541e+01
7.460349967956543082e+01
7.341531929016113622e+01
7.218972137451171989e+01
