-1.369844403817701386e+05
-1.641177214841946261e+05
-1.189477187056869152e+05
-1.086551112574468425e+05
-1.459072330289455713e+05
-1.265895915717226744e+05
-1.066515636212684476e+05
-1.255853493353352387e+05
-1.457645390702205477e+05
-2.059709518134800237e+04
-2.021393692285659927e+04
-3.408212461334594991e+04
-2.137853981272248348e+04
-2.651909446049968028e+04
-2.223364616660919637e+04
-1.813534817712942895e+05
-5.291796004673871357e+04
-2.747417324159696727e+04
-1.848548257390693761e+05
-4.836286913386832020e+04
-1.539967490648269595e+05
-1.761037877459923911e+05
-5.103189194013474480e+04
-9.692602778562254389e+04
-6.375021328538825765e+04
-8.562911223422620969e+04
-1.797805232169977899e+04
-2.855386131463278434e+04
-1.158293011417303787e+05
-1.819749210060178302e+04
-9.044867594939029368e+04
-6.827463036045274930e+04
-2.159757649194292026e+04
-4.944402715570637520e+04
-1.438551300457648540e+04
-3.930144087252080499e+04
-1.963537065184030871e+04
-4.920905850615140662e+04
-1.970950701215081426e+04
-1.909184677772393479e+04
-1.964908654462683262e+04
-1.578128760256923852e+04
-4.263696260039944173e+04
-1.670165461371150159e+05
-3.975418095878504391e+04
-2.726843938236605027e+04
-1.272543369803928799e+05
-1.404935187504518399e+04
-4.293199083992233500e+04
-3.586252932296787912e+04
-2.375737177644531039e+04
-9.653424046934276703e+04
-2.565103459917752480e+04
-1.515129231713784393e+05
-2.944666369825457878e+04
-1.049416265213159568e+04
-1.401081115793973440e+05
-1.929291077318563111e+04
-2.596398853793138551e+04
-2.933675991273721229e+04
-4.666804756579362584e+04
-2.621872393438820654e+04
-1.898490923375231432e+04
-3.897942300383991096e+04
-3.217400911178581373e+04
-4.901901299937435397e+04
-4.298410150951388641e+04
-6.389088820519822548e+03
-9.879128859162848676e+04
-1.389428311116446093e+04
-1.863379626006082981e+05
-2.461870585665690305e+04
-3.877471150538335496e+04
-1.133564219971195780e+04
-1.210275387396170663e+04
-5.349966121339640085e+04
-1.238289664501320294e+04
-7.567061484414248844e+04
-2.866071749828894099e+04
-9.480457623129505373e+04
-2.453146250567113748e+04
-5.022112045957151713e+04
-6.324365034764103621e+04
-1.124830752920343948e+05
-2.084512149258875797e+04
-4.711856461272091110e+04
-5.481052293661534350e+04
-2.231785987523383301e+04
-7.259470731646202330e+04
-4.931892868351672951e+04
-3.554317701728882093e+04
-6.350942704809810675e+04
-6.087037776327705069e+04
-3.283980856422241050e+04
-1.654474298582062329e+04
-3.643534050422536529e+04
-2.010438423016068919e+04
-5.941116647489339084e+04
-5.354920608694478142e+04
-5.399244483270958881e+04
-1.150535894133165129e+05
-4.051748968499889452e+04
-3.441274329695806227e+04
-5.358936148736456380e+04
-1.142289522537950688e+05
-6.136535478639707435e+04
-6.253296277207819367e+04
-5.022502554779006459e+04
-4.690070351328196557e+04
-1.342688267451367392e+04
-2.506419968401806545e+04
-1.004448695804180024e+05
-4.143470029494509799e+04
-1.006697853225615545e+05
-6.156816252105253807e+04
-7.118716873947015847e+04
-9.947812624106436851e+04
-8.935869777463143691e+04
-2.087974649302494072e+04
-9.659290953164565144e+04
-4.946626111926278099e+04
-3.473716748540028493e+04
-7.633656928472164145e+04
-5.183444170428361394e+04
-1.263492461674054939e+05
-6.528657891474241478e+04
-1.754045287186138376e+04
-7.310607710917905206e+04
-1.545172367087907332e+05
-7.133346066645863175e+04
-3.515103420752345701e+05
-3.129550735666265246e+04
-3.619743470089983748e+04
-1.828662123626979519e+04
-8.696196294236235553e+04
-1.672562744815178739e+05
-9.058604607775931072e+03
-7.437324424296121288e+04
-8.304076277749716246e+04
-3.158738830444976702e+04
-1.521687519172187604e+04
-1.942589793451526930e+04
-1.599671748297835074e+04
-3.046992867458907858e+04
-3.031142309445935462e+04
-2.902923712050949689e+04
-4.802595724950337899e+04
-8.625172006079774292e+04
-4.070336790178228694e+04
-5.931170037852412497e+04
-3.990019659927105386e+04
-4.746504994839232677e+04
-7.645497535597765818e+04
-6.740014599738862307e+04
-4.289558503344001656e+04
-2.252904899887097417e+04
-2.419844742683014920e+04
-3.234218936182019752e+04
-4.762547464989374566e+04
-4.123129291534885851e+04
-4.223207447520316055e+04
-1.691424187169938523e+04
-1.052922031305148557e+05
-2.262282336825179664e+04
-2.226345831966429978e+04
-2.685637682868172487e+04
-9.262611696118584950e+04
-3.452625821521195030e+04
-7.416250999865808990e+04
-5.799197304246178101e+04
-4.677645246539665823e+04
-4.713971373371563095e+04
-3.610905298674711958e+04
-2.513013691467910394e+04
-4.664084718630804855e+04
-7.176453873508349352e+04
-5.667914282142061711e+04
-1.056856993086779039e+04
-2.183409179676201020e+05
-2.698160723142290590e+04
2.123640074719668064e+03
-1.196828813084676585e+04
-7.004113061015582934e+04
-2.749670481152154025e+04
-2.849123605709323965e+04
-1.257847817256781127e+04
-3.756226370712625067e+04
-2.711267959027716279e+04
-3.090930733384393170e+04
-3.715969661411001289e+04
-1.833019649461611334e+04
-5.102329864796817674e+03
-1.944514860086933186e+04
-2.200741113683966687e+05
-4.366203959276553360e+04
-9.595327984695494524e+04
-5.565523708310511574e+04
-3.987038461564853787e+04
-6.427929395571394707e+04
-7.165843012603260831e+03
